adress,adress_1,adress_2
1 BENTHAVEN PLACE BOULDER,1 BENTHAVEN PL,10 9TH AVE 18
1 CONTINENTAL VIEW DRIVE UNINCORPORATED,1 CONTINENTAL VIEW DR,10 9TH AVE 23
10 9TH AVENUE UNIT 18 LONGMONT,10 9TH AVE 18,10 9TH AVE 28
10 9TH AVENUE UNIT 23 LONGMONT,10 9TH AVE 23,10 9TH AVENUE 4
10 9TH AVENUE UNIT 28 LONGMONT,10 9TH AVE 28,10 S BUSCH LN
10 9TH AVENUE UNIT 4 LONGMONT,10 9TH AVENUE 4,103 E 1ST ST
10 S BUSCH LANE LONGMONT,10 S BUSCH LN,105 N PUBLIC RD
10 TEXAS LN,10 TEXAS LN,107 E CLEVELAND ST
100 CARIBOU RD,100 CARIBOU RD,109 S PUBLIC RD
100 MAIN STREET JAMESTOWN,100 MAIN ST,11 E 15TH AVE
1000 EVERGREEN AVENUE BOULDER,1000 EVERGREEN AVE,115 E LONGS PEAK AVE
1001 HARMON PLACE LONGMONT,1001 HARMON PL,116 E ROGERS RD
1003 BROSS STREET LONGMONT,1003 BROSS ST,11700 E SOUTH BOULDER RD 301
1003 KANE DRIVE LONGMONT,1003 KANE DR,11700 E SOUTH BOULDER RD 304
1004 E 5TH AVENUE LONGMONT,1004 E 5TH AVE,11700 E SOUTH BOULDER RD 310
1004 HONEYSUCKLE LANE LOUISVILLE,1004 HONEYSUCKLE LN,11700 E SOUTH BOULDER RD 348
1004 LINCOLN PLACE BOULDER,1004 LINCOLN PL,11700 E SOUTH BOULDER RD 357
1004 MALORY STREET LAFAYETTE,1004 MALORY ST,11700 E SOUTH BOULDER RD 370
1005 ILIAD LLC ,1005 ILIAD WAY,11700 E SOUTH BOULDER RD 386
1006 S BROSS STREET LONGMONT,1006 S BROSS ST,11700 E SOUTH BOULDER RD 397
1008 MAIN STREET LOUISVILLE,1008 MAIN ST,11700 E SOUTH BOULDER RD 415
1009 GRANT AVENUE LOUISVILLE,1009 GRANT AVE,11700 E SOUTH BOULDER RD 423
101 KANSAS HILL ROAD UNINCORPORATED,101 KANSAS HILL RD,11990 E SOUTH BOULDER RD 123
1010 9TH STREET BOULDER,1010 9TH ST,11990 E SOUTH BOULDER RD 133
1012 COFFMAN STREET LONGMONT,1012 COFFMAN ST,11990 E SOUTH BOULDER RD 170
1012 EMERSON PLACE LONGMONT,1012 EMERSON PL,11990 E SOUTH BOULDER RD 212
1014 5TH AVENUE LONGMONT,1014 5TH AVE,11990 E SOUTH BOULDER RD 215
1014 LEE WAY LONGMONT,1014 LEE WAY,11990 E SOUTH BOULDER RD 229
1014 PORTLAND PLACE BOULDER,1014 PORTLAND PL,11990 E SOUTH BOULDER RD 24
1016 MAIN STREET LOUISVILLE,1016 MAIN ST,11990 E SOUTH BOULDER RD 31
1017 GRANDVIEW AVENUE BOULDER,1017 GRANDVIEW AVE,11990 E SOUTH BOULDER RD 51
1019 ALTA STREET LONGMONT,1019 ALTA ST,120 E ROGERS RD
1019 GAY STREET LONGMONT,1019 GAY ST,1200 COLLEGE AVE 117
102 ARTESIAN DRIVE UNINCORPORATED,102 ARTESIAN DR,1200 COLLEGE AVE 120
1021 N COFFMAN STREET LONGMONT,1021 COFFMAN ST,1200 COLLEGE AVE 209
1021 RIDGE ROAD UNINCORPORATED,1021 ROSE ST,1200 COLLEGE AVE 219
1022 E 5TH AVENUE LONGMONT,1022 E 5TH AVE,1200 COLLEGE AVE 222
1023 ALTA STREET LONGMONT,1023 ALTA ST,1200 COLLEGE AVE 223
1023 GRANDVIEW AVENUE BOULDER,1023 GRANDVIEW AVE,1205 E RIDGE AVE
1023 KANSAS AVENUE LONGMONT,1023 KANSAS AVE,125 S POLK AVE
1023 PONDEROSA CIRCLE LONGMONT,1023 PONDEROSA CIR,126 E 6TH AVE
1027 COFFMAN STREET LONGMONT,1027 COFFMAN ST,128 S POLK AVE
1027 LILAC STREET LONGMONT,1027 LILAC ST,130 S CLEVELAND AVE
1028 GRANT STREET LONGMONT,1028 GRANT ST,1319 S LINCOLN ST
1028 TURNBERRY CIRCLE LOUISVILLE,1028 TURNBERRY CIR,1319 S PRATT PKWY
103 E 1ST STREET NEDERLAND,103 E 1ST ST,132 E 6TH AVE
1031 PORTLAND PLACE UNIT 2 BOULDER,1031 PORTLAND PL 2,1325 S BOWEN ST
1031 PORTLAND PLACE UNIT 4 BOULDER,1031 PORTLAND PL 4,137 S POLK AVE
1031 PORTLAND PLACE UNIT 9 BOULDER,1031 PORTLAND PL 9,1400 S COLLYER ST 15
1032 SOUTH STREET LOUISVILLE,1032 SOUTH ST,1400 S COLLYER ST 18
1034 GAY STREET LONGMONT,1034 GAY ST,1400 S COLLYER ST 198
1035 ATWOOD STREET LONGMONT,1035 ATWOOD ST,1400 S COLLYER ST 210
1036 KANE DRIVE LONGMONT,1036 KANE DR,1400 S COLLYER ST 281
1036 LILAC STREET LONGMONT,1036 LILAC ST,1400 S COLLYER ST 305
1036 W CHOKE CHERRY DRIVE LOUISVILLE,1036 W CHOKE CHERRY DR,1400 S COLLYER ST 90
1037 69TH STREET UNINCORPORATED,1037 69TH ST,1414 S PRATT PKWY
1038 COLLYER STREET LONGMONT,1037 MAXWELL AVE 1,1422 S TERRY ST
1038 PONDEROSA CIRCLE LONGMONT,1038 COLLYER ST,1430 MAIN ST 12
1038 PRATT STREET LONGMONT,1038 PONDEROSA CIR,144 E SAINT CLAIR AVE
1039 MAPLETON AVENUE BOULDER,1038 PRATT ST,145 S 35TH ST
1039 SUMAC STREET LONGMONT,1039 MAPLETON AVE,15 S 33RD ST
104 CAYAUGA WAY SUPERIOR,1039 SUMAC ST,150 S BUCHANAN AVE
104 MOHAWK CIRCLE SUPERIOR,104 CAYAUGA WAY,150 W 3RD ST
104 ROSE STREET LOUISVILLE,104 MOHAWK CIR,150 W BOULDER ST
1040 DELLWOOD AVENUE BOULDER,104 ROTHROCK PL,1515 S VIVIAN ST
1040 MIAMI WAY BOULDER,1040 DELLWOOD AVE,1524 S TERRY ST
1040 SOUTH STREET LOUISVILLE,1040 MIAMI WAY,155 S 33RD ST
1041 DELTA DRIVE UNIT A LAFAYETTE,1040 SOUTH ST,16 E 5TH AVE
1041 DELTA DRIVE UNIT B LAFAYETTE,1041 DELTA DR A,1606 COTTONWOOD DR 10S
1041 DELTA DRIVE UNIT C LAFAYETTE,1041 DELTA DR B,1606 COTTONWOOD DR 21S
1041 DELTA DRIVE UNIT D LAFAYETTE,1041 DELTA DR C,1615 S VIVIAN ST
1041 DELTA DRIVE UNIT E LAFAYETTE,1041 DELTA DR D,1633 S VIVIAN ST
1041 DELTA DRIVE UNIT F LAFAYETTE,1041 DELTA DR E,176 W SYCAMORE LN
1042 BEREA DRIVE BOULDER,1041 DELTA DR F,181 W 4TH ST
1043 CRESTMOOR DRIVE UNINCORPORATED,1042 BEREA DR,1818 9TH AVE
1043 GRANT PLACE BOULDER,1043 CRESTMOOR DR,1825 MARINE ST 1
1043 KALMIA AVENUE BOULDER,1043 GRANT PL,1842 CANYON BLVD 104
1044 W ALDER STREET LOUISVILLE,1043 KALMIA AVE,1842 CANYON BLVD 107
1045 MODRED STREET LAFAYETTE,1044 W ALDER ST,1842 CANYON BLVD 202
1045 W DELTA DRIVE UNIT A LAFAYETTE,1045 DELTA DR,1842 CANYON BLVD 207
1045 W DELTA DRIVE UNIT C LAFAYETTE,1045 DELTA DR A,1842 CANYON BLVD 213
1045 W DELTA DRIVE UNIT D LAFAYETTE,1045 DELTA DR B,1842 CANYON BLVD 214
1045 W DELTA DRIVE UNIT LAFAYETTE,1045 DELTA DR C,1850 FOLSOM ST 208
10466 FOURMILE CANYON DRIVE UNINCORPORATED,1045 DELTA DR D,1850 FOLSOM ST 211
1048 WESTVIEW DRIVE UNINCORPORATED,1045 DELTA DR F,1850 FOLSOM ST 407
10480 MOORING ROAD UNINCORPORATED,1045 MODRED ST,1850 FOLSOM ST 503
1049 TOWNLEY CIRCLE LONGMONT,10466 FOURMILE CANYON DR,1850 FOLSOM ST 504
1049 W DELTA DRIVE UNIT A LAFAYETTE,1048 WESTVIEW DR,1850 FOLSOM ST 506
1049 W DELTA DRIVE UNIT B LAFAYETTE,10480 MOORING RD,1850 FOLSOM ST 510
1049 W DELTA DRIVE UNIT C LAFAYETTE,1049 DELTA DR,1850 FOLSOM ST 604
1049 W DELTA DRIVE UNIT D LAFAYETTE,1049 DELTA DR A,1850 FOLSOM ST 705
1049 W DELTA DRIVE UNIT F LAFAYETTE,1049 DELTA DR C,1850 FOLSOM ST 805
1049 W DELTA DRIVE UNIT LAFAYETTE,1049 DELTA DR D,19 E MOUNTAIN VIEW AVE
105 GROOVER DRIVE UNINCORPORATED,1049 TOWNLEY CIR,193 S POLK AVE
105 N CEDAR BROOK ROAD UNINCORPORATED,105 CARIBOU RD,193 W CEDAR WAY
105 S CARIBOU ROAD NEDERLAND,105 GROOVER DR,195 S 34TH ST
1050 HAWTHORN AVENUE BOULDER,105 N PUBLIC RD,200 BOULDER ST
1051 HOVER STREET LONGMONT,1050 HAWTHORN AVE,203 W CLEVELAND ST
1053 W DELTA DRIVE UNIT A LAFAYETTE,1051 HOVER ST,205 S 39TH ST
1053 W DELTA DRIVE UNIT C LAFAYETTE,1053 DELTA DR,206 W SIMPSON ST
1053 W DELTA DRIVE UNIT D LAFAYETTE,1053 DELTA DR A,209 W EMMA ST
1053 W DELTA DRIVE UNIT F LAFAYETTE,1053 DELTA DR C,215 S 38TH ST
1053 W DELTA DRIVE UNIT LAFAYETTE,1053 DELTA DR D,2201 PEARL ST 208
1055 MALORY STREET LAFAYETTE,1053 DELTA DR F,2201 PEARL ST 217
1055 MILO CIR B,1055 MALORY ST,2201 PEARL ST 223
1055 STUART STREET LONGMONT,1055 MILO CIR B,2201 PEARL ST 323
1055 TOEDTLI DRIVE BOULDER,1055 STUART ST,222 S MAIN ST 27
1057 W DELTA DRIVE UNIT A LAFAYETTE,1055 TOEDTLI DR,2227 CANYON BLVD 303A
1057 W DELTA DRIVE UNIT C LAFAYETTE,1057 DELTA DR,2227 CANYON BLVD 408A
1057 W DELTA DRIVE UNIT D LAFAYETTE,1057 DELTA DR A,224 E 5TH ST
1057 W DELTA DRIVE UNIT F LAFAYETTE,1057 DELTA DR C,225 E 8TH AVE A9
1057 W DELTA DRIVE UNIT LAFAYETTE,1057 DELTA DR D,225 E 8TH AVE B15
10595 N 75TH STREET UNINCORPORATED,1057 DELTA DR F,225 E 8TH AVE B20
106 MERIDETH LANE LONGMONT,10595 N 75TH ST,225 E 8TH AVE B5
1064 TOWNLEY CIRCLE LONGMONT,106 MERIDETH LN,225 E 8TH AVE C13
1065 UNIVERSITY AVE 102,1064 TOWNLEY CIR,225 E 8TH AVE C18
1065 UNIVERSITY AVE 115,1065 UNIVERSITY AVE 102,225 E 8TH AVE D9
1065 UNIVERSITY AVE 121,1065 UNIVERSITY AVE 115,225 E 8TH AVE E4
1066 8TH STREET BOULDER,1065 UNIVERSITY AVE 121,225 E 8TH AVE E9
107 21ST AVENUE LONGMONT,1065 UNIVERSITY AVE 216,225 E 8TH AVE F3
107 E CLEVELAND ST LLC ,1066 8TH ST,225 S 40TH ST
107 OVERPINE DRIVE UNINCORPORATED,107 21ST AVE,225 W CORNWALL CT
1070 S COFFMAN STREET LONGMONT,107 E CLEVELAND ST,23 E 5TH AVE
1072 KANE DRIVE LONGMONT,107 OVERPINE DR,2301 PEARL ST 17
1074 11TH STREET BOULDER,1070 S COFFMAN ST,2301 PEARL ST 32
1075 10TH STREET BOULDER,1072 KANE DR,2301 PEARL ST 39
1078 MILO CIRCLE UNIT A LAFAYETTE,1074 11TH ST,2301 PEARL ST 45
108 REGAL STREET LOUISVILLE,1075 10TH ST,2301 PEARL ST 48
1080 GALE AVENUE UNINCORPORATED,1078 MILO CIR A,2301 PEARL ST 59
1080 HAWTHORN AVENUE BOULDER,108 ROTHROCK PL,2301 PEARL ST 62
1080 QUINCE AVENUE BOULDER,1080 GALE AVE,232 S CARR AVE
1087 CHERRYVALE ROAD UNINCORPORATED,1080 HAWTHORN AVE,2325 N SHORE DR
109 PLACER AVENUE LONGMONT,1080 QUINCE AVE,2345 N SPRINGWOOD CT
109 S PUBLIC ROAD LAFAYETTE,1087 CHERRYVALE RD,245 E SUTTON CIR
109 W CHESTER STREET LAFAYETTE,109 PLACER AVE,245 W CORNWALL CT
1092 MALORY STREET UNIT 38B LAFAYETTE,109 S PUBLIC RD,249 S HARDING CT
10924 LYNNE AVENUE UNINCORPORATED,109 W CHESTER ST,253 S LINCOLN AVE
1093 S COFFMAN STREET LONGMONT,1092 MALORY ST 38B,2635 MAPLETON AVE 60
1095 SIR GALAHAD DRIVE LAFAYETTE,10924 LYNNE AVE,268 S BUCHANAN CIR
1096 FALCON CT,1093 S COFFMAN ST,2707 VALMONT RD 111D
11 DENISE PL,1095 SIR GALAHAD DR,2707 VALMONT RD 201B
11 E 15TH AVENUE LONGMONT,1096 FALCON CT,2707 VALMONT RD 208B
11 LOGAN MILL ROAD UNINCORPORATED,11 DENISE PL,2707 VALMONT RD 209A
1100 BEREA DRIVE BOULDER,11 E 15TH AVE,2707 VALMONT RD 305D
1100 SUMNER STREET LONGMONT,11 LOGAN MILL RD,2707 VALMONT RD 314D
11013 EMPIRE ROAD UNINCORPORATED,1100 BEREA DR,2711 MAPLETON AVE 6
1103 GRANT STREET LONGMONT,1100 SUMNER ST,2727 FOLSOM ST 210
1104 MAIN STREET LOUISVILLE,11013 EMPIRE RD,2727 FOLSOM ST 226
1104 WAGONWHEEL GAP ROAD UNINCORPORATED,1103 GRANT ST,2727 FOLSOM ST 314
1105 LEFTHAND CANYON DRIVE UNINCORPORATED,1104 MAIN ST,2727 FOLSOM ST 334
1105 SIR GALAHAD DRIVE LAFAYETTE,1104 WAGONWHEEL GAP RD,2800 KALMIA AVE A123
1107 FOURMILE CANYON DRIVE UNINCORPORATED,1105 LEFTHAND DR,2800 KALMIA AVE A127
1108 SUMNER STREET LONGMONT,1105 SIR GALAHAD DR,2800 KALMIA AVE A227
1109 PORTLAND PLACE BOULDER,1107 FOURMILE CANYON DR,2800 KALMIA AVE B211
1111 MAXWELL AVE UNIT 110 LLC ,1108 SUMNER ST,2800 KALMIA AVE B301
1111 MAXWELL AVE UNIT 205 LLC ,1109 PORTLAND PL,2800 KALMIA AVE B307
1111 MAXWELL AVE UNIT 215 LLC ,1110 MONROE DR B,2800 KALMIA AVE B315
1111 MONROE DRIVE UNIT A BOULDER,1111 MAXWELL AVE 110,2800 KALMIA AVE C206
1112 15TH AVENUE LONGMONT,1111 MAXWELL AVE 205,2800 KALMIA AVE C307
1112 ELYSIAN FIELD DR C,1111 MAXWELL AVE 215,281 S TAFT CT 52
1112 MEADOW STREET LONGMONT,1111 MONROE DR D,285 S TAFT CT 50
1112 STEARNS AVENUE UNINCORPORATED,1112 15TH AVE,290 E SUTTON CIR
1113 BROSS STREET LONGMONT,1112 ELYSIAN FIELD DR C,2938 KALMIA AVE 3
1114 4TH AVENUE LONGMONT,1112 MEADOW ST,3003 VALMONT RD 130
1115 9TH AVENUE LONGMONT,1112 STEARNS AVE,3003 VALMONT RD 6
1115 BACCHUS DRIVE UNIT A1 LAFAYETTE,1113 BROSS ST,3003 VALMONT RD 82
1115 BACCHUS DRIVE UNIT E1 LAFAYETTE,1114 4TH AVE,3003 VALMONT RD 87
1115 ELYSIAN FIELD DRIVE UNIT A LAFAYETTE,1115 9TH AVE,301 E GENESEO ST
1116 15TH AVENUE LONGMONT,1115 BACCHUS DR A1,303 W CHESTER ST
1116 SHERRI MAR COURT LONGMONT,1115 BACCHUS DR E1,3103 BROADWAY ST
1117 5TH AVENUE LONGMONT,1115 ELYSIAN FIELD DR C,3250 ONEAL CIR D26
1117 ELYSIAN FIELD DRIVE UNIT 4E LAFAYETTE,1116 15TH AVE,3250 ONEAL CIR E13
1117 JEFFERSON AVENUE LOUISVILLE,1116 SHERRI MAR CT,3250 ONEAL CIR E24
1117 LINCOLN AVENUE LOUISVILLE,1117 5TH AVE,3250 ONEAL CIR F10
1118 CENTAUR CIR B,1117 ELYSIAN FIELD DR A,3250 ONEAL CIR F11
1118 RAVENWOOD ROAD UNINCORPORATED,1117 JEFFERSON AVE,3250 ONEAL CIR F13
112 MANHATTAN DRIVE BOULDER,1117 LINCOLN AVE,3250 ONEAL CIR G26
1120 9TH STREET BOULDER,1118 CENTAUR CIR B,3250 ONEAL CIR H17
1120 ITHACA DRIVE BOULDER,1118 RAVENWOOD RD,3250 ONEAL CIR H21
1120 S LASHLEY LANE BOULDER,112 MANHATTAN DR,3250 ONEAL CIR H24
1123 BASELINE ROAD BOULDER,1120 9TH ST,3250 ONEAL CIR J37
1123 STONE CANYON ROAD UNINCORPORATED,1120 ITHACA DR,3250 ONEAL CIR K15
1125 ITHACA DRIVE BOULDER,1120 S LASHLEY LN,3250 ONEAL CIR K21
1129 LEFTHAND DRIVE LLC ,1123 BIG HORN CT,3250 ONEAL CIR L16
1129 LONGDON STREET LONGMONT,1123 STONE CANYON RD,328 S TAFT CT 96
113 CHINOOK PLACE LONGMONT,1125 ITHACA DR,33438 HIGHWAY 72
113 MOHAWK CIRCLE SUPERIOR,1129 LEFTHAND DR,3497 COAL CREEK CANYON DR 100
1130 MOUNTAIN VIEW AVENUE LONGMONT,1129 LONGDON ST,3497 COAL CREEK CANYON DR 4
1130 RAVENWOOD LLC ,113 CHINOOK PL,3497 COAL CREEK CANYON DR 47
11307 BILLINGS AVENUE UNINCORPORATED,113 MOHAWK CIR,3497 HIGHWAY 72 60
1132 MEADOW STREET LONGMONT,1130 MOUNTAIN VIEW AVE,400 W GENESEO ST
1136 ASPEN STREET LONGMONT,1130 RAVENWOOD RD,402 E CLEVELAND ST
1139 EMERY STREET LONGMONT,11307 BILLINGS AVE,410 E CHESTER ST
114 CHERRYWOOD LANE LOUISVILLE,1132 MEADOW ST,424 S LASHLEY LN
114 OLD WHISKEY ROAD UNINCORPORATED,1136 ASPEN ST,4475 BROADWAY ST 41
114 TELLURIDE PLACE LONGMONT,1139 EMERY ST,4475 BROADWAY ST 49
1140 PORTLAND PLACE UNIT 001 BOULDER,114 CHERRYWOOD LN,4475 BROADWAY ST 52
1140 PORTLAND PLACE UNIT 102 BOULDER,114 OLD WHISKEY RD,4475 BROADWAY ST 74
1140 PORTLAND PLACE UNIT 105 BOULDER,114 TELLURIDE PL,4475 LAGUNA PL 316
1140 PORTLAND PLACE UNIT 206 BOULDER,1140 PORTLAND PL 102,4475 LAGUNA PL 317
1140 PORTLAND PLACE UNIT 208 BOULDER,1140 PORTLAND PL 105,4500 19TH ST 147
1140 PORTLAND PLACE UNIT 301 BOULDER,1140 PORTLAND PL 206,4500 19TH ST 148
1140 PORTLAND PLACE UNIT 303 BOULDER,1140 PORTLAND PL 208,4500 19TH ST 152
1140 PORTLAND PLACE UNIT 306 BOULDER,1140 PORTLAND PL 301,4500 19TH ST 185
11410 UTE HWY,1140 PORTLAND PL 303,4500 19TH ST 229
1142 ASPEN STREET LONGMONT,1140 PORTLAND PL 306,4500 19TH ST 48
1142 BROSS STREET LONGMONT,1140 PORTLAND PL 308,4500 19TH ST 499
1143 BROSS STREET LONGMONT,11410 UTE HWY,4500 19TH ST 519
1145 HOLLY AVENUE LONGMONT,1142 ASPEN ST,4500 19TH ST 546
1145 LA FARGE AVENUE LOUISVILLE,1142 BROSS ST,4500 19TH ST 620
1145 RAVENWOOD ROAD UNINCORPORATED,1143 BROSS ST,4500 19TH ST 72
1146 FORDHAM STREET LONGMONT,1145 HOLLY AVE,471 BOULDER ST
1147 LONGMONT DAM ROAD UNINCORPORATED,1145 LA FARGE AVE,472 S LASHLEY LN
11474 PEAK TO PEAK HWY,1145 RAVENWOOD RD,4955 MOORHEAD AVE 8
1148 GRANT STREET LONGMONT,1146 FORDHAM ST,50 19TH AVE 7
115 E LONGS PEAK AVENUE LONGMONT,1147 LONGMONT DAM RD,500 MANHATTAN DR A10
115 LEE HILL DRIVE BOULDER,11474 PEAK TO PEAK HWY,500 MANHATTAN DR C9
115 TAHOSA SOUTH ROAD UNINCORPORATED,1148 GRANT ST,500 MANHATTAN DR D12
1150 GREEN CIRCLE BOULDER,115 E LONGS PEAK AVE,500 MOHAWK DR 203
1150 MAPLETON AVENUE BOULDER,115 LEE HILL DR,500 MOHAWK DR 402
1151 GRANT STREET LONGMONT,115 TAHOSA SOUTH RD,500 MOHAWK DR 404
1153 CASCADE AVENUE BOULDER,1150 GREEN CIR,500 MOHAWK DR 505
1154 HIGHWAY 7 BUSINESS,1150 MILO CIR A,500 MOHAWK DR 509
1155 OAKDALE PLACE BOULDER,1151 GRANT ST,500 MOHAWK DR 602
1155 PORTLAND PLACE UNIT 1 BOULDER,1153 CASCADE AVE,500 MOHAWK DR 607
1155 PORTLAND PLACE UNIT 3 BOULDER,1153 PORTLAND PL 1,5000 BUTTE ST 108
1156 WOODLAND COURT BOULDER,1154 HIGHWAY 7 BUSINESS,5000 BUTTE ST 117
116 E ROGERS ROAD LONGMONT,1155 OAKDALE PL,5000 BUTTE ST 127
1160 HARTFORD DRIVE BOULDER,1155 PORTLAND PL 3,5000 BUTTE ST 139
1161 MILO CIR B,1156 WOODLAND CT,5000 BUTTE ST 157
1163 CHERRYVALE ROAD UNINCORPORATED,116 E ROGERS RD,5000 BUTTE ST 255
1163 HARPER LAKE DRIVE LOUISVILLE,1160 HARTFORD DR,5000 BUTTE ST 294
1165 BEAR MOUNTAIN DRIVE UNIT A BOULDER,1161 MILO CIR B,5000 BUTTE ST 83
1166 CHERRYVALE ROAD UNINCORPORATED,1163 CHERRYVALE RD,502 S PEAK TO PEAK HWY
11693 FLATIRON DRIVE UNINCORPORATED,1163 HARPER LAKE DR,504 S PEAK TO PEAK HWY
11699 PEAK TO PEAK ** UNINCORPORATED,1165 BEAR MOUNTAIN DR A,506 E SAINT CLAIR AVE
1170 LEHIGH STREET BOULDER,1166 CHERRYVALE RD,510 S 44TH ST
11700 E SOUTH BOULDER ROAD UNIT 301 LAFAYETTE,11693 FLATIRON DR,511 E OAK ST
11700 E SOUTH BOULDER ROAD UNIT 304 LAFAYETTE,11699 PEAK TO PEAK,5116 WILLIAMS FORK TRL 110
11701 E SOUTH BOULDER ROAD UNIT 310 LAFAYETTE,1170 LEHIGH ST,5116 WILLIAMS FORK TRL 202
11701 E SOUTH BOULDER ROAD UNIT 357 LAFAYETTE,11700 E SOUTH BOULDER RD 301,5120 WILLIAMS FORK TRL 105
11701 E SOUTH BOULDER ROAD UNIT 386 LAFAYETTE,11700 E SOUTH BOULDER RD 304,5120 WILLIAMS FORK TRL 113
11701 E SOUTH BOULDER ROAD UNIT 397 LAFAYETTE,11700 E SOUTH BOULDER RD 310,5120 WILLIAMS FORK TRL 202
11701 E SOUTH BOULDER ROAD UNIT 415 LAFAYETTE,11700 E SOUTH BOULDER RD 348,5124 WILLIAMS FORK TRL 104
11701 E SOUTH BOULDER ROAD UNIT 423 LAFAYETTE,11700 E SOUTH BOULDER RD 357,5124 WILLIAMS FORK TRL 105
11702 E SOUTH BOULDER ROAD UNIT 123 LAFAYETTE,11700 E SOUTH BOULDER RD 370,525 15TH AVE 20
11702 E SOUTH BOULDER ROAD UNIT 133 LAFAYETTE,11700 E SOUTH BOULDER RD 386,53 E 15TH AVE
11702 E SOUTH BOULDER ROAD UNIT 170 LAFAYETTE,11700 E SOUTH BOULDER RD 397,535 S 42ND ST
11702 E SOUTH BOULDER ROAD UNIT 212 LAFAYETTE,11700 E SOUTH BOULDER RD 415,540 S 46TH ST
11702 E SOUTH BOULDER ROAD UNIT 215 LAFAYETTE,11700 E SOUTH BOULDER RD 423,5457 BLACKHAWK RD
11702 E SOUTH BOULDER ROAD UNIT 229 LAFAYETTE,11717 BILLINGS AVE,5505 VALMONT RD 204
11702 E SOUTH BOULDER ROAD UNIT 24 LAFAYETTE,11725 FLATIRON DR,5505 VALMONT RD 210
11702 E SOUTH BOULDER ROAD UNIT 31 LAFAYETTE,1175 GEORGETOWN RD,5505 VALMONT RD 212
11702 E SOUTH BOULDER ROAD UNIT 348 LAFAYETTE,1178 BIG HORN CT,5505 VALMONT RD 214
11702 E SOUTH BOULDER ROAD UNIT 370 LAFAYETTE,11794 BILLINGS AVE,5505 VALMONT RD 247
11702 E SOUTH BOULDER ROAD UNIT 51 LAFAYETTE,118 SNOWMASS PL,5505 VALMONT RD 253
11717 BILLINGS AVENUE UNINCORPORATED,1180 JUNIPER AVE,5505 VALMONT RD 283
11725 FLATIRON DRIVE UNINCORPORATED,1180 RIDGE RD,5505 VALMONT RD 43
1175 GEORGETOWN RD,11851 FLATIRON DR,5517 SAINT VRAIN RD
1178 BIGHORN COURT LONGMONT,1189 MONROE DR A,552 BLACKHAWK RD
11794 BILLINGS AVENUE UNINCORPORATED,1189 MONROE DR D,555 S 42ND ST
118 SNOWMASS PLACE LONGMONT,11890 NIWOT RD,560 S 43RD ST
1180 JUNIPER AVENUE BOULDER,119 BAYLOR DR,600 MANHATTAN DR A10
1180 RAVENWOOD ROAD UNINCORPORATED,119 FORSYTH DR,600 MANHATTAN DR A13
11851 FLATIRON DRIVE UNINCORPORATED,1190 NEPTUNE DR,600 MANHATTAN DR D7
1189 MONROE DRIVE UNIT A BOULDER,1192 JUNIPER AVE,600 S PEAK TO PEAK HWY
1189 MONROE DRIVE UNIT D BOULDER,11974 KENOSHA RD,602 E CLEVELAND ST
11890 NIWOT ROAD LONGMONT,11990 E SOUTH BOULDER RD 123,619 E EMMA ST
119 BAYLOR DRIVE LONGMONT,11990 E SOUTH BOULDER RD 133,620 S 45TH ST
119 FORSYTH DRIVE LONGMONT,11990 E SOUTH BOULDER RD 170,625 MANHATTAN PL 108
1190 NATHAN PLACE ERIE,11990 E SOUTH BOULDER RD 212,625 W PINE ST
1192 JUNIPER AVENUE BOULDER,11990 E SOUTH BOULDER RD 215,6292 ARAPAHOE RD 25
11974 KENOSHA ROAD UNINCORPORATED,11990 E SOUTH BOULDER RD 229,645 S 44TH ST
12 HUNTINGTON COURT LONGMONT,11990 E SOUTH BOULDER RD 24,665 MANHATTAN DR 108
12 MARTINEZ PLACE LONGMONT,11990 E SOUTH BOULDER RD 31,665 MANHATTAN DR 206
120 BALSAM LANE UNINCORPORATED,11990 E SOUTH BOULDER RD 51,67 FLOWER LN
120 CARIBOU PLACE LONGMONT,12 HUNTINGTON CT,695 MANHATTAN DR 201
120 E ROGERS ROAD LONGMONT,12 MARTINEZ PL,70 S 31ST ST
120 PLACER AVENUE LONGMONT,120 BAYLOR DR,70 S BOULDER CIR 7011
1200 COLLEGE AVENUE UNIT 117 BOULDER,120 CARIBOU PL,70 S BOULDER CIR 7013
1200 COLLEGE AVENUE UNIT 120 BOULDER,120 E ROGERS RD,702 W CLEVELAND CIR
1200 COLLEGE AVENUE UNIT 209 BOULDER,120 PLACER AVE,703 S MILLER AVE
1200 COLLEGE AVENUE UNIT 219 BOULDER,1200 COLLEGE AVE 117,705 DOVE DR
1200 COLLEGE AVENUE UNIT 222 BOULDER,1200 COLLEGE AVE 120,709 BUNTING DR
1200 FRONTIER DRIVE LONGMONT,1200 COLLEGE AVE 209,709 QUAIL DR
1201 6TH STREET BOULDER,1200 COLLEGE AVE 219,714 W CLEVELAND CIR
1201 MERCURY DRIVE LAFAYETTE,1200 COLLEGE AVE 222,715 S 41ST ST
1202 FORDHAM STREET LONGMONT,1200 COLLEGE AVE 223,715 S LONGMONT AVE
1203 CENTAUR CIRCLE LAFAYETTE,1200 FRONTIER DR,717 DOVE DR
1203 STEIN STREET LAFAYETTE,1201 6TH ST,720 OWL DR
1204 UPLAND AVENUE UNIT A BOULDER,1201 MERCURY DR,720 S 41ST ST
1204 VAIL LANE LONGMONT,1202 FORDHAM ST,726 CARDINAL DR
1205 DELPHI DRIVE LAFAYETTE,1203 CENTAUR CIR A,730 S 46TH ST
1205 E RIDGE AVE,1203 STEIN ST,738 S BOWEN ST
1205 RED ASH LANE UNINCORPORATED,1204 UPLAND AVE A,745 N CEDAR BROOK RD
1208 E 4TH AVENUE LONGMONT,1204 VAIL LN,751 W 4TH ST 4
1208 SNOWBANK COURT LONGMONT,1205 DELPHI DR,751 W GRANGE CT
121 VALENTINE LANE LONGMONT,1205 E RIDGE AVE,7513 W COAL CREEK DR
1210 BAKER STREET LONGMONT,1205 RED ASH LN,760 S 41ST ST
1212 ATWOOD STREET LONGMONT,1208 E 4TH AVE,765 KLONDIKE AVE
1212 CASCADE AVENUE BOULDER,1208 SNOWBANK CT,765 S 46TH ST
1214 VAIL LANE LONGMONT,121 VALENTINE LN,778 W CLEVELAND CIR
1215 DEVONSHIRE COURT LAFAYETTE,1210 BEREA DR,780 W MOORHEAD CIR F
1215 PRIMOS ROAD UNINCORPORATED,1212 ATWOOD ST,790 W MOORHEAD CIR B
1217 CORNELL DRIVE LONGMONT,1212 CASCADE AVE,8 BLUE SPRUCE DR
1217 HUNTER CT,1214 VAIL LN,800 S 68TH ST
1218 PARKER DRIVE LONGMONT,1215 DEVONSHIRE CT,8013 MEADOWLAKE RD
1220 DEVONSHIRE COURT LAFAYETTE,1215 PRIMOS RD,802 QUAIL CV
1221 OLD TALE ROAD UNINCORPORATED,1217 CORNELL DR,805 29TH ST 152
1224 MARIPOSA AVENUE BOULDER,1217 HUNTER CT,805 29TH ST 158
12245 FLAGG DRIVE UNINCORPORATED,1218 PARKER DR,805 29TH ST 251
1225 ALBION RD,1220 DEVONSHIRE CT,805 29TH ST 306
1225 BEAR MOUNTAIN DR B,1221 OLD TALE RD,805 29TH ST 359
1225 COLUMBIA DRIVE LONGMONT,1224 MARIPOSA AVE,805 29TH ST 404
1225 CORNELL DRIVE LONGMONT,12245 FLAGG DR,805 29TH ST 412
1225 KITELEY LANE LONGMONT,1225 ALBION RD,805 29TH ST 460
1226 ATWOOD STREET LONGMONT,1225 BEAR MOUNTAIN DR B,805 29TH ST 507
1227 VENICE STREET LONGMONT,1225 COLUMBIA DR,805 29TH ST 557
123 VAQUERO DRIVE UNINCORPORATED,1225 CORNELL DR,8050 NIWOT RD 20
1230 EMERY STREET LONGMONT,1225 KITELEY LN,8050 NIWOT RD 30
1232 CAROLINA AVENUE LONGMONT,1226 ATWOOD ST,8050 NIWOT RD 4
1234 CARBIDE COURT LONGMONT,1227 VENICE ST,8050 NIWOT RD 51
1234 MILNER LANE LONGMONT,123 VAQUERO DR,8050 NIWOT RD 7
1236 LONGS PEAK AVENUE LONGMONT,1230 EMERY ST,806 ROBIN CV
1237 SNOWBANK COURT LONGMONT,1232 CAROLINA AVE,8060 NIWOT RD 46
1238 MEADOW LARK DR,1234 CARBIDE CT,810 E BASELINE RD 5
124 SNOWMASS PLACE LONGMONT,1234 MILNER LN,810 E BASELINE RD 6
1240 DELPHI DRIVE LAFAYETTE,1236 LONGS PEAK AVE,827 S GAY ST
1240 FAIRFIELD DRIVE BOULDER,1237 SNOWBANK CT,830 20TH ST 201
1240 LEHIGH STREET BOULDER,1238 MEADOW LARK DR,831 17TH AVE 11
1241 MEADOW LARK DR,124 SNOWMASS PL,840 WILLOWBROOK RD
12420 ARAPAHOE ROAD ERIE,1240 DELPHI DR,845 S GAY ST
1244 MEADOW STREET LONGMONT,1240 FAIRFIELD DR,849 S BROSS ST
1245 ACROPOLIS DRIVE LAFAYETTE,1240 LEHIGH ST,850 20TH ST 302
1245 APOLLO DRIVE LAFAYETTE,1241 MEADOW LARK DR,850 20TH ST 304
1245 BANNER CIRCLE ERIE,12420 ARAPAHOE RD,850 S LASHLEY LN
1245 SUNSET STREET LONGMONT,1244 MEADOW ST,870 S LASHLEY LN
1248 BAKER STREET LONGMONT,1245 ACROPOLIS DR,90 W BOULDER ST
1248 MEADOW STREET LONGMONT,1245 APOLLO DR,900 MOUNTAIN VIEW AVE 212
125 BELLEVUE DRIVE BOULDER,1245 BROSS ST,905 SAINT ANDREWS LN
125 S POLK AVENUE LOUISVILLE,1245 SUNSET ST,910 PORTLAND PL 11
1253 ELDER AVENUE BOULDER,1248 BAKER ST,910 PORTLAND PL 12
1257 DORIC DRIVE LAFAYETTE,1248 MEADOW ST,910 PORTLAND PL 13
12581 POLO PLACE UNINCORPORATED,125 BOWEN ST,910 PORTLAND PL 17
126 E 6TH AVENUE LONGMONT,125 S POLK AVE,910 PORTLAND PL 23
1260 HOLLY PLACE BOULDER,1253 ELDER AVE,910 PORTLAND PL 3
1262 LANYON LANE LONGMONT,1257 DORIC DR,912 S BROSS ST
1264 MEADOW STREET LONGMONT,12581 POLO PL,922 S COFFMAN ST
1266 TIMBER LANE UNINCORPORATED,126 E 6TH AVE,923 SAINT ANDREWS LN
127 VALENTINE LANE LONGMONT,1260 HOLLY PL,924 E 4TH AVE
1270 26TH STREET BOULDER,1262 LANYON LN,925 E 5TH AVE
1271 3RD AVENUE LONGMONT,1264 MEADOW ST,927 E 4TH AVE
1278 MILO CIRCLE UNIT A LAFAYETTE,1266 TIMBER LN,933 E 4TH AVE
128 S POLK AVENUE LOUISVILLE,127 VALENTINE LN,945 KLONDIKE AVE
1280 MILO CIR B,1270 26TH ST,948 NORTH ST 10
1285 BEAR MOUNTAIN DRIVE UNIT A BOULDER,1271 3RD AVE,951 17TH AVE 103
12855 N 66TH STREET UNINCORPORATED,1278 MILO CIR A,951 17TH AVE 74
1290 AIKINS WAY BOULDER,128 S POLK AVE,951 17TH AVE 76
1290 ELYSIAN FIELD DRIVE LAFAYETTE,1280 MILO CIR B,951 17TH AVE 88
12963 HILLCREST DRIVE UNINCORPORATED,1285 BEAR MOUNTAIN DR D,990 ROSEHILL DR
13 LOIS PLACE LONGMONT,12855 N 66TH ST,FOURMILE CANYON DR
13 S BUSCH LANE LONGMONT,1290 AIKINS WAY,STEAMBOAT VLY
130 BILL WAITE ROAD UNINCORPORATED,1290 ELYSIAN FIELD DR,
130 ELK PLACE LONGMONT,12963 HILLCREST DR,
130 HUMMINGBIRD LN,13 LOIS PL,
130 S CLEVELAND AVENUE LOUISVILLE,13 SEATTLE LN,
1300 INVERNESS DRIVE LAFAYETTE,130 BILL WAITE RD,
1301 SHORT COURT LOUISVILLE,130 ELK PL,
1303 ALPINE AVENUE UNIT 11A BOULDER,130 HUMMINGBIRD LN,
1303 GAY STREET LONGMONT,130 S CLEVELAND AVE,
1305 ALEXANDRIA STREET LAFAYETTE,1300 INVERNESS DR,
1305 SUMAC AVENUE BOULDER,1301 SHORT CT,
1306 9TH AVENUE LONGMONT,1303 ALPINE AVE 26A,
1306 S GRANT STREET LONGMONT,1303 GAY ST,
1307 CENTAUR CIRCLE LAFAYETTE,1305 ALEXANDRIA ST,
131 BAYLOR DRIVE LONGMONT,1305 SUMAC AVE,
131 EMPSON DRIVE LONGMONT,1306 9TH AVE,
131 FORSYTH DRIVE LONGMONT,1306 S GRANT ST,
1310 BROOKFIELD DRIVE LONGMONT,1307 CENTAUR CIR,
1314 W 9TH AVENUE LONGMONT,131 BOWEN ST,
1316 CAROLINA AVENUE LONGMONT,131 EMPSON DR,
1317 7TH STREET BOULDER,131 FORSYTH DR,
1319 S LINCOLN STREET LONGMONT,1310 BROOKFIELD DR,
1319 S PRATT PKWY,1314 9TH AVE,
132 E 6TH AVENUE LONGMONT,1316 CAROLINA AVE,
1320 DOGWOOD LANE LONGMONT,1317 7TH ST,
1320 LITTLE JOHN COURT LAFAYETTE,1319 S LINCOLN ST,
1324 PINE GLADE ROAD UNINCORPORATED,1319 S PRATT PKWY,
1325 MEADOW AVENUE BOULDER,132 E 6TH AVE,
1325 S BOWEN STREET LONGMONT,1320 DOGWOOD LN,
1329 19TH AVENUE LONGMONT,1320 LITTLE JOHN CT,
1332 KENNEDY AVENUE LOUISVILLE,1324 PINE GLADE RD,
1332 LINCOLN AVENUE LOUISVILLE,1325 MEADOW AVE,
1333 MARIPOSA AVENUE BOULDER,1325 S BOWEN ST,
1333 MARTIN STREET LONGMONT,1329 19TH AVE,
1333 PINE STREET UNIT 1 BOULDER,1332 KENNEDY AVE,
1333 SUGARLOAF ROAD UNINCORPORATED,1332 LINCOLN AVE,
1335 LASHLEY STREET LONGMONT,1333 MARIPOSA AVE,
1340 ALPINE AVENUE BOULDER,1333 MARTIN ST,
1345 ELDER AVENUE BOULDER,1333 PINE ST 5,
1348 EMERY STREET LONGMONT,1333 SUGARLOAF RD,
135 POORMAN ROAD UNINCORPORATED,1335 LASHLEY ST,
1355 BEAR MOUNTAIN DRIVE UNIT A BOULDER,1340 ALPINE AVE,
1357 SUMAC AVENUE BOULDER,1345 ELDER AVE,
136 DAWSON PLACE LONGMONT,1348 EMERY ST,
1360 AGAPE WAY LAFAYETTE,135 POORMAN RD,
1360 KINGWOOD PLACE BOULDER,1355 BEAR MOUNTAIN DR A,
1363 N TEAL COURT UNINCORPORATED,1357 SUMAC AVE,
1364 NORTH PARK DRIVE LAFAYETTE,136 DAWSON PL,
1369 S CHERRYVALE ROAD UNINCORPORATED,1360 AGAPE WAY,
137 PHEASANT RUN LOUISVILLE,1360 KINGWOOD PL,
137 S POLK AVENUE LOUISVILLE,1363 N TEAL CT,
1386 GOLD LAKE ROAD UNINCORPORATED,1364 N TEAL CT,
13900 N 115TH STREET UNINCORPORATED,1365 BEAR MOUNTAIN DR B,
1391 AGAPE WAY LAFAYETTE,1369 S CHERRYVALE RD,
1399 AGAPE WAY LAFAYETTE,137 PHEASANT RUN,
14 SNOWMASS PLACE LONGMONT,137 S POLK AVE,
1400 S COLLYER STREET UNIT 15 LONGMONT,1386 GOLD LAKE RD,
1400 S COLLYER STREET UNIT 18 LONGMONT,13900 N 115TH ST,
1400 S COLLYER STREET UNIT 198 LONGMONT,1391 AGAPE WAY,
1400 S COLLYER STREET UNIT 210 LONGMONT,1399 AGAPE WAY,
1400 S COLLYER STREET UNIT 281 LONGMONT,14 SNOWMASS PL,
1400 S COLLYER STREET UNIT 305 LONGMONT,1400 S COLLYER ST 15,
1400 S COLLYER STREET UNIT 90 LONGMONT,1400 S COLLYER ST 18,
1401 ATHENE DRIVE LAFAYETTE,1400 S COLLYER ST 198,
1401 BLUE SAGE COURT BOULDER,1400 S COLLYER ST 210,
1404 S TERRY STREET LONGMONT,1400 S COLLYER ST 281,
1405 GARFIELD COURT LOUISVILLE,1400 S COLLYER ST 305,
1405 NORTHWESTERN ROAD LONGMONT,1400 S COLLYER ST 90,
1406 CYPRESS CIRCLE LAFAYETTE,1401 ATHENE DR,
1406 TERRY STREET LONGMONT,1401 BRADLEY DR,
141 DAWSON PLACE LONGMONT,1404 S TERRY ST,
141 PONDEROSA DRIVE UNINCORPORATED,1405 GARFIELD CT,
141 RANGE ROAD UNINCORPORATED,1405 NORWOOD AVE,
141 SUNSET STREET LONGMONT,1406 CYPRESS CIR,
1410 AGAPE WAY LAFAYETTE,1406 TERRY ST,
1410 ATHENE DRIVE LAFAYETTE,141 DAWSON PL,
1410 BACCHUS DR C12,141 PONDEROSA DR,
1410 BACCHUS DR D12,141 RANGE RD,
1410 CINNAMON STREET LONGMONT,141 SUNSET ST,
1410 MOUNT EVANS DRIVE LONGMONT,1410 AGAPE WAY,
1413 CENTENNIAL DRIVE LONGMONT,1410 ATHENE DR,
1413 KILKENNY STREET UNINCORPORATED,1410 BACCHUS DR C12,
1414 LYDIA DRIVE UNIT 92 LAFAYETTE,1410 BACCHUS DR D12,
1414 S PRATT PKWY,1410 CINNAMON ST,
1415 GILLASPIE DRIVE BOULDER,1410 MOUNT EVANS DR,
1415 SPENCER STREET LONGMONT,1413 CENTENNIAL DR,
1416 MOUNT EVANS DRIVE LONGMONT,1413 KILKENNY ST,
1417 SUMAC STREET LONGMONT,1414 LYDIA DR 92,
1418 MAID MARION COURT LAFAYETTE,1414 S PRATT PKWY,
1419 MAPLETON AVENUE BOULDER,1415 GILLASPIE DR,
1420 10TH AVENUE LONGMONT,1415 SPENCER ST,
1421 SHERRI MAR STREET LONGMONT,1416 MOUNT EVANS DR,
1422 EMERY COURT LONGMONT,1417 SUMAC ST,
1422 S TERRY STREET LONGMONT,1418 MAID MARION CT,
1423 HILLTOP DRIVE LONGMONT,1419 MAPLETON AVE,
1424 COUNTY ROAD 100J,1420 10TH AVE,
1425 BACCHUS DRIVE UNIT A13 LAFAYETTE,1421 SHERRI MAR ST,
1425 KENNEDY AVENUE LOUISVILLE,1422 EMERY CT,
1428 DRAKE STREET LONGMONT,1422 S TERRY ST,
1430 18TH ST 18,1423 HILLTOP DR,
1430 18TH STREET UNIT 1 BOULDER,1424 COUNTY ROAD 100J,
1430 MAIN ST 12,1425 BELLEVUE DR,
1431 S TERRY STREET LONGMONT,1425 KENNEDY AVE,
1432 SHARPE PLACE LONGMONT,1428 DRAKE ST,
1433 11TH AVENUE LONGMONT,1430 18TH ST 18,
1435 GILLASPIE DRIVE BOULDER,1430 18TH ST 9,
1438 SHARPE PLACE LONGMONT,1430 MAIN ST 12,
1439 BEATRICE COURT LONGMONT,1431 S TERRY ST,
144 E SAINT CLAIR AVE,1432 SHARPE PL,
144 LEFTHAND CANYON DRIVE UNINCORPORATED,1433 11TH AVE,
1440 BAKER STREET UNIT A LONGMONT,1435 GILLASPIE DR,
1440 MARTIN STREET LONGMONT,1438 SHARPE PL,
1440 RED MOUNTAIN DRIVE LONGMONT,1439 BEATRICE CT,
1441 MARIPOSA AVENUE BOULDER,144 E SAINT CLAIR AVE,
1441 QUINCE AVE A,144 LEFTHAND CANYON DR,
1442 MEEKER DRIVE LONGMONT,1440 BLUEBELL AVE,
1447 KAY STREET LONGMONT,1440 MARTIN ST,
145 S 32ND STREET BOULDER,1440 ROCKMONT CIR,
145 WILD HORSE CIRCLE UNINCORPORATED,1441 MARIPOSA AVE,
1450 LAMPLIGHTER DRIVE LONGMONT,1441 QUINCE AVE A,
14528 N 83RD STREET UNINCORPORATED,1442 MEEKER DR,
1453 MARSHALL ROAD UNINCORPORATED,1447 KAY ST,
1455 ALPINE AVENUE BOULDER,145 S 35TH ST,
1455 OAK CIRCLE BOULDER,145 WILD HORSE CIR,
1459 MAYFIELD CIRCLE LONGMONT,1450 LAMPLIGHTER DR,
1459 TRUMAN COURT LOUISVILLE,14528 N 83RD ST,
1465 GILLASPIE DRIVE BOULDER,1453 MARSHALL RD,
1465 KENDALL DRIVE BOULDER,1455 ALPINE AVE,
1488 MAYFIELD CIRCLE LONGMONT,1455 OAK CIR,
1489 JOHNSON COURT BOULDER,1459 MAYFIELD CIR,
15 S 33RD STREET BOULDER,1459 TRUMAN CT,
150 DONOVAN COURT LONGMONT,1465 GILLASPIE DR,
150 S BUCHANAN AVENUE LOUISVILLE,1465 KENDALL DR,
150 W 3RD STREET NEDERLAND,1488 MAYFIELD CIR,
150 W BOULDER STREET NEDERLAND,1489 JOHNSON CT,
1501 HILLTOP DRIVE LONGMONT,15 S 33RD ST,
1502 COLLYER STREET LONGMONT,150 DONOVAN CT,
1502 LAMPLIGHTER DRIVE LONGMONT,150 S BUCHANAN AVE,
1503 BALSAM AVENUE BOULDER,150 W 3RD ST,
1506 TWIN SISTERS DRIVE LONGMONT,150 W BOULDER ST,
1508 MOUNT EVANS DRIVE LONGMONT,1501 HILLTOP DR,
151 HICKORY DRIVE UNINCORPORATED,1502 COLLYER ST,
1510 20TH ST 104,1502 LAMPLIGHTER DR,
1512 16TH STREET BOULDER,1503 BRADLEY DR,
1512 CAMBRIDGE DRIVE LONGMONT,1506 TWIN SISTERS DR,
1513 CENTENNIAL DRIVE LONGMONT,1508 MOUNT EVANS DR,
1514 LONGS PEAK AVENUE LONGMONT,151 HICKORY DR,
1514 MAIN STREET LOUISVILLE,1510 20TH ST 104,
1515 S VIVIAN STREET LONGMONT,1512 19TH AVE,
1519 16TH STREET BOULDER,1512 CAMBRIDGE DR,
1524 COLLYER STREET LONGMONT,1513 CENTENNIAL DR,
1524 DENISON CIRCLE LONGMONT,1514 LONGS PEAK AVE,
1524 S TERRY STREET LONGMONT,1514 MAIN ST,
1525 EASTER COURT LONGMONT,1515 S VIVIAN ST,
1526 VIVIAN STREET LONGMONT,1519 19TH AVE,
1528 FLEMMING DRIVE LONGMONT,1524 COLLYER ST,
1528 OAK AVENUE BOULDER,1524 DENISON CIR,
1530 ATWOOD STREET LONGMONT,1524 S TERRY ST,
1530 ERVINE AVENUE LONGMONT,1525 EASTER CT,
1530 GREENBRIAR BOULEVARD BOULDER,1526 VIVIAN ST,
1530 ITHACA DRIVE BOULDER,1528 FLEMMING DR,
1530 SAGRIMORE CIRCLE LAFAYETTE,1528 OAK AVE,
1532 EMERY STREET LONGMONT,1530 ATWOOD ST,
1540 BOWEN STREET LONGMONT,1530 ERVINE AVE,
1545 CHERRYVALE ROAD BOULDER,1530 GREENBRIAR BLVD,
1546 CUSHMAN COURT LONGMONT,1530 ITHACA DR,
1547 HARRISON AVENUE BOULDER,1530 SAGRIMORE CIR,
1549 LEFTHAND DRIVE LONGMONT,1532 EMERY ST,
1549 NORTHWESTERN ROAD LONGMONT,1540 BRADLEY DR,
155 S 33RD STREET BOULDER,1545 CHERRYVALE RD,
155 SHOSHONE COURT BOULDER,1546 CUSHMAN CT,
1554 CHAMBERS DRIVE BOULDER,1547 HARRISON AVE,
1555 FELTHAM PLACE LONGMONT,1549 LEFTHAND DR,
1558 JUNIPER STREET LONGMONT,1549 NORTHWESTERN RD,
1559 JUNIPER STREET LONGMONT,155 S 33RD ST,
1560 UPLAND AVENUE BOULDER,155 SHOSHONE CT,
1566 BRADLEY DRIVE UNIT 302 BOULDER,1554 CHAMBERS DR,
1566 MARSHALL ROAD UNINCORPORATED,1555 FELTHAM PL,
1568 BAIN DRIVE ERIE,1558 JUNIPER ST,
1568 MARSHALL ROAD UNINCORPORATED,1559 JUNIPER ST,
157 CUMBERLAND GAP ROAD UNINCORPORATED,1560 UPLAND AVE,
1570 BEDIVERE CIRCLE LAFAYETTE,1566 BRADLEY DR 302,
1573 BRADLEY DRIVE BOULDER,1566 MARSHALL RD,
1575 QUINCE AVENUE BOULDER,1568 BRADLEY DR,
1580 BELMONT DRIVE LONGMONT,1568 MARSHALL RD,
1584 BRADLEY DR 103C,157 CUMBERLAND GAP RD,
1590 HAWTHORN AVENUE BOULDER,1570 BLUE SAGE CT,
1590 N GARFIELD AVENUE UNIT A LOUISVILLE,1573 BRADLEY DR,
1590 SUMAC AVENUE BOULDER,1575 BLUE SAGE CT,
16 E 5TH AVENUE LONGMONT,1575 QUINCE AVE,
160 30TH STREET BOULDER,1580 BELMONT DR,
160 4TH AVE LLC ,1584 BRADLEY DR 103C,
160 SKI RD EAST UNINCORPORATED,1590 GARFIELD AVE G,
1600 16TH PLACE LONGMONT,1590 HAWTHORN AVE,
1600 BAIN DRIVE ERIE,1590 SUMAC AVE,
1600 FLEMMING DRIVE LONGMONT,16 E 5TH AVE,
1600 N CEDARWOOD DRIVE LONGMONT,160 30TH ST,
16000 INDIANA GULCH ROAD UNINCORPORATED,160 4TH AVE,
1602 BASELINE ROAD BOULDER,160 SKI RD E,
1602 LONGBOW COURT LAFAYETTE,1600 19TH AVE,
1603 LONGBOW COURT LAFAYETTE,1600 BLUE SAGE CT,
1606 COTTONWOOD DR 10S,1600 FLEMMING DR,
1606 COTTONWOOD DRIVE 15 LLC ,1600 NORTHWESTERN RD,
1606 EMERY STREET LONGMONT,16000 INDIANA GULCH RD,
1606 JEFFERSON AVENUE LOUISVILLE,1602 BASELINE RD,
1606 SUNSET DRIVE LOUISVILLE,1602 LONGBOW CT,
1607 DONOVAN PLACE LONGMONT,1603 LONGBOW CT,
1608 23RD AVENUE LONGMONT,1606 COTTONWOOD DR 10S,
1608 COTTONWOOD DR 14,1606 COTTONWOOD DR 21S,
1609 GENEVA CIRCLE LONGMONT,1606 EMERY ST,
1609 LASHLEY STREET LONGMONT,1606 JEFFERSON AVE,
161 ALPINE DRIVE NEDERLAND,1606 SUNSET DR,
161 ARTESIAN DRIVE UNINCORPORATED,1607 DONOVAN PL,
161 CRISMAN UNINCORPORATED,1608 23RD AVE,
161 KATIE ** UNINCORPORATED,1608 COTTONWOOD DR 14,
1610 17TH ST 1A,1609 GENEVA CIR,
1613 CIRCLE DRIVE LOUISVILLE,1609 LASHLEY ST,
1613 LONGS PEAK DRIVE LOUISVILLE,161 ALPINE DR,
1613 SUNSET DRIVE LOUISVILLE,161 ARTESIAN DR,
1615 COTTONWOOD DR 1,161 CRISMAN,
1615 COTTONWOOD DR 14,161 KATIE LN,
1615 COTTONWOOD DR 2,1610 17TH ST 1A,
1615 S VIVIAN STREET LONGMONT,1613 CIRCLE DR,
1615 SAGRIMORE CIRCLE LAFAYETTE,1613 LONGS PEAK DR,
1617 14TH AVENUE LONGMONT,1613 SUNSET DR,
1617 24TH AVENUE LONGMONT,1615 COTTONWOOD DR 1,
1621 GILLASPIE DRIVE BOULDER,1615 COTTONWOOD DR 14,
1621 GREEN PLACE LONGMONT,1615 COTTONWOOD DR 2,
1621 LONGBOW COURT LAFAYETTE,1615 S VIVIAN ST,
1623 ATWOOD STREET LONGMONT,1615 SAGRIMORE CIR,
1625 BAIN DRIVE ERIE,1617 19TH AVE,
1625 LINDEN AVENUE BOULDER,1617 24TH AVE,
1625 MEEKER DRIVE LONGMONT,1621 GILLASPIE DR,
1628 CENTAUR CIRCLE LAFAYETTE,1621 GREEN PL,
163 4TH AVENUE LONGMONT,1621 LONGBOW CT,
163 RENDEZVOUS DRIVE LAFAYETTE,1623 ATWOOD ST,
1630 REDWOOD AVENUE BOULDER,1625 BLUEBELL AVE,
1632 LONGBOW COURT LAFAYETTE,1625 LINDEN AVE,
1633 18TH STREET UNIT 2 BOULDER,1625 MEEKER DR,
1633 18TH STREET UNIT 4 BOULDER,1628 CENTAUR CIR,
1633 LONGBOW COURT LAFAYETTE,163 4TH AVE,
1633 S VIVIAN STREET LONGMONT,163 ROCKWOOD LN,
1634 BASELINE ROAD BOULDER,1630 REDWOOD AVE,
1634 VIVIAN STREET LONGMONT,1632 LONGBOW CT,
1636 20TH AVENUE LONGMONT,1633 18TH ST 2,
1637 LAMPLIGHTER DRIVE LONGMONT,1633 18TH ST 4,
1639 9TH ST 1,1633 LONGBOW CT,
1640 AMHERST DRIVE LONGMONT,1633 S VIVIAN ST,
1641 SUMNER STREET LONGMONT,1634 BASELINE RD,
1648 MOUNT EVANS DRIVE LONGMONT,1634 VIVIAN ST,
1650 LINDEN AVENUE BOULDER,1636 20TH AVE,
1656 BAIN DRIVE ERIE,1637 LAMPLIGHTER DR,
1660 VIOLET AVENUE BOULDER,1639 9TH ST 1,
1664 BAIN DRIVE ERIE,1640 AMHERST DR,
1665 SAGRIMORE CIRCLE LAFAYETTE,1641 SUMNER ST,
167 CRISMAN UNINCORPORATED,1648 MOUNT EVANS DR,
167 SPRUCE ST 102,1650 LINDEN AVE,
1681 GENEVA CIRCLE LONGMONT,1656 BRADLEY CT,
1687 WASHINGTON AVENUE LOUISVILLE,1660 VIOLET AVE,
1695 22ND STREET BOULDER,1664 BRADLEY CT,
1696 QUINCE AVENUE BOULDER,1665 SAGRIMORE CIR,
170 LAKEVIEW PLACE NEDERLAND,167 CRISMAN,
170 SEMINOLE DRIVE BOULDER,167 SPRUCE ST 102,
1700 EMERY STREET LONGMONT,1681 GENEVA CIR,
1700 JEWEL DRIVE LONGMONT,1687 WASHINGTON AVE,
1700 MEADOW STREET LONGMONT,1695 22ND ST,
1702 COLLYER STREET LONGMONT,1696 QUINCE AVE,
1705 GILLASPIE DRIVE BOULDER,170 LAKEVIEW PL,
1705 QUIVER CT,170 SEMINOLE DR,
1709 MARIPOSA AVENUE BOULDER,1700 EMERY ST,
1711 ANTERO DRIVE LONGMONT,1700 JEWEL DR,
1717 DANBURY DRIVE LONGMONT,1700 MEADOW ST,
1717 SPRUCE ST 3,1702 COLLYER ST,
1719 20TH AVENUE LONGMONT,1705 GILLASPIE DR,
1720 PRINCESS DRIVE LONGMONT,1705 QUIVER CT,
1726 CAMBRIDGE DRIVE UNIT 1 LONGMONT,1709 MARIPOSA AVE,
1726 COREY STREET LONGMONT,1711 ANTERO DR,
1727 ATWOOD STREET LONGMONT,1717 DANBURY DR,
1727 MAPLETON AVENUE BOULDER,1717 SPRUCE ST 3,
1728 COLUMBINE AVENUE BOULDER,1719 20TH AVE,
1728 IRON HORSE DRIVE LONGMONT,1720 PRINCESS DR,
1729 IRON HORSE DRIVE LONGMONT,1726 CAMBRIDGE DR 2,
173 HICKORY DRIVE UNINCORPORATED,1726 COREY ST,
1732 TULIP STREET LONGMONT,1727 ATWOOD ST,
1733 COREY STREET LONGMONT,1727 MAPLETON AVE,
1733 SUNSET STREET LONGMONT,1728 COLUMBINE AVE,
1740 LYONESSE STREET LAFAYETTE,1728 IRON HORSE DR,
1740 QUEENS DRIVE LONGMONT,1729 IRON HORSE DR,
1741 ANTERO DRIVE LONGMONT,173 HICKORY DR,
1745 ANTERO DRIVE LONGMONT,1732 TULIP ST,
175 PINE TREE LANE UNINCORPORATED,1733 COREY ST,
1750 HAWTHORN PLACE BOULDER,1733 SUNSET ST,
1757 SHAVANO STREET LONGMONT,1740 LYONESSE ST,
176 ARTESIAN DRIVE UNINCORPORATED,1740 QUEENS DR,
176 W SYCAMORE LANE LOUISVILLE,1741 ANTERO DR,
1762 COVE CT,1745 ANTERO DR,
1764 HARVARD STREET LONGMONT,175 PINE TREE LN,
1764 SUMNER STREET LONGMONT,1750 HAWTHORN PL,
1765 LYONESSE STREET LAFAYETTE,1757 SHAVANO ST,
1767 FOURMILE CANYON DRIVE UNINCORPORATED,176 ARTESIAN DR,
177 GRIFFITH STREET LOUISVILLE,176 W SYCAMORE LN,
1774 HARBOR LANE LONGMONT,1762 COVE CT,
1775 YAUPON AVENUE BOULDER,1764 HARVARD ST,
1789 STONEHENGE DRIVE UNINCORPORATED,1764 SUMNER ST,
179 ELDORADO SPRINGS DRIVE UNINCORPORATED,1765 LYONESSE ST,
1795 GILLASPIE DRIVE BOULDER,1767 FOURMILE CANYON DR,
1800 IRON HORSE DRIVE LONGMONT,177 GRIFFITH ST,
1800 LYDIA DRIVE UNIT 65 LAFAYETTE,1774 HARBOR LN,
1801 20TH AVENUE LONGMONT,1775 YAUPON AVE,
1802 TYLER AVENUE LOUISVILLE,1789 STONEHENGE DR,
1804 LYDIA DRIVE UNIT 67 LAFAYETTE,179 ELDORADO SPRINGS DR,
1805 IONIC DRIVE UNIT A LAFAYETTE,1795 GILLASPIE DR,
1805 SUMNER STREET LONGMONT,1800 IRON HORSE DR,
1807 18TH AVENUE LONGMONT,1800 LYDIA DR 65,
1807 JEWEL DRIVE LONGMONT,1801 20TH AVE,
1808 COREY STREET LONGMONT,1802 TYLER AVE,
1808 LYDIA DRIVE UNIT 69 LAFAYETTE,1804 LYDIA DR 67,
181 W 4TH STREET NEDERLAND,1805 IONIC DR C,
1811 LASHLEY STREET LONGMONT,1805 SUMNER ST,
1811 POLK AVENUE LOUISVILLE,1807 18TH AVE,
1812 17TH STREET UNIT 101S BOULDER,1807 JEWEL DR,
1817 ARAPAHOE AVE LLC ,1808 COREY ST,
1817 SUMNER STREET LONGMONT,1808 LYDIA DR 69,
1818 9TH AVENUE LONGMONT,181 W 4TH ST,
1818 PINE STREET BOULDER,1811 LASHLEY ST,
1819 MARIPOSA AVENUE BOULDER,1811 POLK AVE,
1820 ANTERO DRIVE LONGMONT,1812 17TH ST 201S,
1824 LOGAN STREET LONGMONT,1817 ARAPAHOE AVE,
1825 MARINE ST 1,1817 SUMNER ST,
1825 MEADOW LANE LONGMONT,1818 9TH AVE,
1826 COREY STREET LONGMONT,1818 PINE ST,
1828 COLUMBINE AVENUE BOULDER,1818 SAMOS CIR 108,
1828 STRATFORD LN,1819 MARIPOSA AVE,
1829 CAMBRIDGE DRIVE LONGMONT,1820 ANTERO DR,
1829 COLUMBINE AVENUE BOULDER,1824 LOGAN ST,
1830 17TH STREET UNIT 1 BOULDER,1825 MARINE ST 1,
1830 17TH STREET UNIT 4 BOULDER,1825 MEADOW LN,
1830 17TH STREET UNIT 5 BOULDER,1826 COREY ST,
1830 22ND STREET UNIT 16 BOULDER,1828 COLUMBINE AVE,
1830 22ND STREET UNIT C BOULDER,1828 STRATFORD LN,
1830 IRIS AVENUE BOULDER,1829 CAMBRIDGE DR,
1831 NADINE LANE LONGMONT,1829 COLUMBINE AVE,
1832 17TH AVENUE LONGMONT,1830 17TH ST 2,
1832 SPRUCE ST 2,1830 17TH ST 4,
1834 MEADOW LANE LONGMONT,1830 17TH ST 5,
1834 MOUNT SNEFFELS STREET LONGMONT,1830 22ND ST 16,
1837 EMERY STREET LONGMONT,1830 IRIS AVE,
1842 ATWOOD STREET LONGMONT,1831 NORWOOD AVE,
1842 CANYON BOULEVARD UNIT 104 BOULDER,1832 17TH AVE,
1842 CANYON BOULEVARD UNIT 107 BOULDER,1832 SPRUCE ST 2,
1842 CANYON BOULEVARD UNIT 202 BOULDER,1833 22ND ST C,
1842 CANYON BOULEVARD UNIT 207 BOULDER,1834 MEADOW LN,
1842 CANYON BOULEVARD UNIT 213 BOULDER,1834 MOUNT SNEFFELS ST,
1842 CANYON BOULEVARD UNIT 214 BOULDER,1837 EMERY ST,
1845 MAPLETON AVENUE BOULDER,1842 ATWOOD ST,
1848 BLUEBELL AVENUE BOULDER,1842 CANYON BLVD 104,
1848 LOGAN STREET LONGMONT,1842 CANYON BLVD 107,
1850 FOLSOM STREET UNIT 208 BOULDER,1842 CANYON BLVD 202,
1850 FOLSOM STREET UNIT 211 BOULDER,1842 CANYON BLVD 207,
1850 FOLSOM STREET UNIT 407 BOULDER,1842 CANYON BLVD 213,
1850 FOLSOM STREET UNIT 503 BOULDER,1842 CANYON BLVD 214,
1850 FOLSOM STREET UNIT 504 BOULDER,1845 MAPLETON AVE,
1850 FOLSOM STREET UNIT 506 BOULDER,1848 BLUEBELL AVE,
1850 FOLSOM STREET UNIT 510 BOULDER,1848 LOGAN ST,
1850 FOLSOM STREET UNIT 604 BOULDER,1850 FOLSOM ST 208,
1850 FOLSOM STREET UNIT 705 BOULDER,1850 FOLSOM ST 211,
1850 FOLSOM STREET UNIT 805 BOULDER,1850 FOLSOM ST 407,
1851 22ND ST 3,1850 FOLSOM ST 503,
1855 POLK AVENUE LOUISVILLE,1850 FOLSOM ST 504,
1860 BLUEBELL AVENUE BOULDER,1850 FOLSOM ST 506,
1865 SUSSEX STREET LAFAYETTE,1850 FOLSOM ST 510,
1869 E KEN PRATT BOULEVARD LONGMONT,1850 FOLSOM ST 604,
187 CONGER DR 101,1850 FOLSOM ST 705,
1877 LINCOLN DRIVE LONGMONT,1850 FOLSOM ST 805,
1877 POLK AVENUE LOUISVILLE,1851 22ND ST 3,
19 E MOUNTAIN VIEW AVENUE LONGMONT,1855 POLK AVE,
1900 LEHIGH STREET BOULDER,1860 BLUEBELL AVE,
1900 MARIPOSA AVENUE BOULDER,1865 SUSSEX ST,
1901 JUNIPER STREET LONGMONT,1869 E KEN PRATT BLVD,
1907 COREY STREET LONGMONT,187 CONGER DR 101,
1910 CENTAUR CIRCLE LAFAYETTE,1877 LINCOLN DR,
1910 SHAMROCK DRIVE SUPERIOR,1877 POLK AVE,
1915 LINCOLN STREET LONGMONT,19 E MOUNTAIN VIEW AVE,
1920 COLUMBINE AVENUE UNIT A BOULDER,1900 LEHIGH ST,
1922 CENTAUR CIRCLE LAFAYETTE,1900 MARIPOSA AVE,
1927 GOSS STREET BOULDER,1901 JUNIPER ST,
193 S POLK AVENUE LOUISVILLE,1907 COREY ST,
193 W CEDAR WAY LOUISVILLE,1910 CENTAUR CIR,
1930 9TH AVENUE LONGMONT,1910 SPRUCE AVE,
1930 KIMBARK STREET LONGMONT,1915 LINCOLN ST,
1935 TABLE MESA DRIVE BOULDER,1920 COLUMBINE AVE A,
1941 ORCHARD AVENUE BOULDER,1922 CENTAUR CIR,
1943 MEADOW DR B2,1927 GOSS ST,
1945 CENTENNIAL DRIVE LOUISVILLE,193 S POLK AVE,
1945 MEADOW DR B3,193 W CEDAR WAY,
1947 MEADOW DR B4,1930 9TH AVE,
195 S 34TH STREET BOULDER,1930 KIMBARK ST,
195 SEMINOLE DRIVE BOULDER,1935 TABLE MESA DR,
1965 KOHLER DRIVE BOULDER,1941 ORCHARD AVE,
1985 FLORAL DRIVE BOULDER,1943 MEADOW DR B2,
1990 POPLAR AVENUE BOULDER,1945 CENTENNIAL DR,
20 CEDAR COURT LONGMONT,1945 MEADOW DR B3,
200 BOULDER STREET UNINCORPORATED,1947 MEADOW DR B4,
200 LINCOLN STREET LONGMONT,195 S 34TH ST,
200 SHERMAN STREET LONGMONT,195 SEMINOLE DR,
2000 FLORAL DRIVE BOULDER,1965 KOHLER DR,
2000 NORWOOD AVENUE BOULDER,1985 FLORAL DR,
2002 BASELINE ROAD BOULDER,1990 POPLAR AVE,
2002 RED CLOUD ROAD LONGMONT,20 CEDAR CT,
2005 VASSAR DRIVE BOULDER,200 BOULDER ST,
201 KATIE LN G,200 LINCOLN ST,
2010 OAK AVENUE BOULDER,200 SHERMAN ST,
2017 ARAPAHOE AVENUE BOULDER,2000 FLORAL DR,
202 BASS CIRCLE LAFAYETTE,2000 NORWOOD AVE,
202 BROSS STREET LONGMONT,2002 BASELINE RD,
2020 5TH STREET UNIT A BOULDER,2002 RIVERSIDE DR,
2020 YEAGER DRIVE LONGMONT,2005 VASSAR DR,
2021 PINE ST LLC ,201 KATIE LN G,
2023 MOUNTAIN VIEW AVENUE LONGMONT,2010 OAK AVE,
2024 GOSS ST 1,2017 ARAPAHOE AVE,
2024 GOSS STREET UNIT 2 BOULDER,202 BROME AVE,
2024 GOSS STREET UNIT 7 BOULDER,202 BROSS ST,
2025 10TH STREET BOULDER,2020 5TH ST D,
2025 16TH ST B,2020 YEAGER DR,
2025 COLLYER STREET LONGMONT,2021 PINE ST,
2028 11TH STREET BOULDER,2023 MOUNTAIN VIEW AVE,
2028 YEAGER DRIVE LONGMONT,2024 GOSS ST 1,
2029 LAKESPUR LANE LOUISVILLE,2024 GOSS ST 2,
203 W CLEVELAND STREET LAFAYETTE,2024 GOSS ST 7,
2033 STONEHENGE CIRCLE UNINCORPORATED,2025 16TH ST B,
2039 HARDSCRABBLE DRIVE BOULDER,2025 18TH ST,
2041 TULIP STREET LONGMONT,2025 COLLYER ST,
2045 MAPLETON AVENUE BOULDER,2028 18TH ST,
2046 SUMAC STREET LONGMONT,2028 YEAGER DR,
205 30TH STREET BOULDER,2029 LAKESPUR LN,
205 GILLESPIE SPUR ** JAMESTOWN,203 W CLEVELAND ST,
205 S 39TH STREET BOULDER,2033 STONEHENGE CIR,
205 TERRY STREET LONGMONT,2039 HARDSCRABBLE DR,
2052 TULIP STREET LONGMONT,2041 TULIP ST,
2059 HARDSCRABBLE DRIVE BOULDER,2045 MAPLETON AVE,
206 8TH AVENUE LONGMONT,2046 SUMAC ST,
206 W SIMPSON STREET LAFAYETTE,205 30TH ST,
2060 DARTMOUTH AVENUE BOULDER,205 GILLESPIE SPUR,
207 LUCERNE DRIVE LAFAYETTE,205 S 39TH ST,
207 PEARL STREET BOULDER,205 TERRY ST,
207 SHORT PLACE LOUISVILLE,2052 TULIP ST,
208 10TH AVENUE LONGMONT,2059 HARDSCRABBLE DR,
208 PEARL STREET UNIT A BOULDER,206 8TH AVE,
209 W EMMA STREET LAFAYETTE,206 W SIMPSON ST,
2096 JOSLYN PLACE BOULDER,2060 DARTMOUTH AVE,
210 JUDSON STREET LONGMONT,207 LUCERNE DR,
2100 TOPAZ DRIVE UNINCORPORATED,207 PEARL ST,
2101 FRONTIER STREET LONGMONT,207 SHORT PL,
2104 BISON DRIVE UNINCORPORATED,208 10TH AVE,
2104 GODDARD PLACE BOULDER,208 PEARL ST C,
2105 KOHLER DRIVE BOULDER,209 W EMMA ST,
2107 SUMAC STREET LONGMONT,2096 JOSLYN PL,
2108 WALNUT STREET BOULDER,210 JUDSON ST,
211 PEARL STREET BOULDER,2100 TOPAZ DR,
2111 HACKBERRY CIRCLE LONGMONT,2101 FRONTIER ST,
2114 BLUFF STREET BOULDER,2104 BLUFF ST,
2114 VIOLET AVENUE BOULDER,2104 GODDARD PL,
2115 LINDEN AVENUE BOULDER,2105 KOHLER DR,
2119 20TH STREET BOULDER,2107 SUMAC ST,
212 PIKES PEAK PLACE LONGMONT,2108 WALNUT ST,
2120 DALEY DRIVE LONGMONT,211 PEARL ST,
2121 CYPRESS STREET LONGMONT,2111 HACKBERRY CIR,
2124 PINE STREET BOULDER,2114 BLUFF ST,
2125 11TH STREET UNIT 2 BOULDER,2114 VIOLET AVE,
2128 GRANT STREET LONGMONT,2115 LINDEN AVE,
2128 LONGS PEAK AVENUE LONGMONT,2119 20TH ST,
2130 BLUFF STREET BOULDER,2119 MEADOW CT A,
2130 FRONTIER STREET LONGMONT,212 PIKES PEAK PL,
2130 W 9TH AVENUE LONGMONT,2120 DALEY DR,
2131 STUART STREET LONGMONT,2121 CYPRESS ST,
2133 MEADOW CT C,2124 PINE ST,
2133 TULIP STREET LONGMONT,2125 18TH ST,
2135 SPRUCE STREET UNIT 1 BOULDER,2128 GRANT ST,
2135 UPLAND AVENUE BOULDER,2128 LONGS PEAK AVE,
2136 KAY STREET LONGMONT,2130 9TH AVE,
2137 4TH STREET BOULDER,2130 BLUFF ST,
2137 SPENCER LLC ,2130 FRONTIER ST,
2139 MEADOW CT C,2131 STUART ST,
214 MONARCH STREET LOUISVILLE,2133 MEADOW CT C,
2140 TAMARACK AVENUE BOULDER,2133 TULIP ST,
2141 BASELINE ROAD UNIT 1 BOULDER,2135 SPRUCE ST 6,
2141 WALNUT STREET BOULDER,2135 UPLAND AVE,
2144 HACKBERRY CIRCLE LONGMONT,2136 KAY ST,
2145 FLORAL DRIVE BOULDER,2137 4TH ST,
2148 SHERRI MAR STREET LONGMONT,2137 SPENCER ST,
215 COLLYER STREET LONGMONT,2139 MEADOW CT C,
215 FOX DRIVE BOULDER,214 MONARCH ST,
215 LINDEN DRIVE UNINCORPORATED,2140 TAMARACK AVE,
215 S 38TH STREET BOULDER,2141 BASELINE RD 4,
2155 FRONTIER STREET LONGMONT,2141 WALNUT ST,
2160 TAMARACK AVENUE BOULDER,2144 HACKBERRY CIR,
2161 TULIP STREET LONGMONT,2145 FLORAL DR,
2170 HERMOSA DRIVE BOULDER,2148 SHERRI MAR ST,
2172 CHAMPLAIN DRIVE UNINCORPORATED,215 COLLYER ST,
2175 NORWOOD AVENUE BOULDER,215 FOX DR,
2177 HACKBERRY CIRCLE LONGMONT,215 LINDEN DR,
2178 HACKBERRY CIRCLE LONGMONT,215 S 38TH ST,
218 LAKEVIEW COURT NEDERLAND,2155 FRONTIER ST,
218 SKYLARK CIRCLE LAFAYETTE,2160 TAMARACK AVE,
2180 HILLSDALE CIRCLE BOULDER,2161 TULIP ST,
2185 EMERALD ROAD UNINCORPORATED,2170 HERMOSA DR,
219 KATIE LANE UNINCORPORATED,2172 CHAMPLAIN DR,
2190 EMERALD ROAD UNINCORPORATED,2175 NORWOOD AVE,
2190 POPLAR AVENUE BOULDER,2177 HACKBERRY CIR,
2190 UPLAND AVENUE BOULDER,2178 HACKBERRY CIR,
2191 STEELE STREET LONGMONT,218 LAKEVIEW CT,
2197 STEELE STREET LONGMONT,218 SKYLARK CIR,
2201 JEWEL STREET LONGMONT,2180 HILLSDALE CIR,
2201 PEARL ST 109 LLC ,2185 EMERALD RD,
2201 PEARL ST 208 LLC ,219 KATIE LN,
2201 PEARL ST 217 LLC ,2190 EMERALD RD,
2201 PEARL ST 323 LLC ,2190 POPLAR AVE,
2205 ARAPAHOE AVENUE UNIT 12 BOULDER,2190 UPLAND AVE,
2205 ARAPAHOE AVENUE UNIT 13 BOULDER,2191 STEELE ST,
2205 ARAPAHOE AVENUE UNIT 14 BOULDER,2197 STEELE ST,
2205 LINCOLN STREET LONGMONT,22 CENTAUR CT B,
2205 TOPAZ DRIVE UNINCORPORATED,2201 JEWEL ST,
2206 NICHOLL STREET BOULDER,2201 PEARL ST 208,
2208 SQUIRES STREET LONGMONT,2201 PEARL ST 217,
2209 GROVE CIRCLE BOULDER,2201 PEARL ST 223,
221 FRONT STREET LOUISVILLE,2201 PEARL ST 323,
2210 MARIPOSA AVENUE BOULDER,2205 ARAPAHOE AVE 12,
2213 PINE STREET BOULDER,2205 ARAPAHOE AVE 13,
2218 CENTRAL PARK WAY SUPERIOR,2205 ARAPAHOE AVE 14,
2221 9TH AVENUE LONGMONT,2205 LINCOLN ST,
2221 COLUMBINE AVENUE BOULDER,2205 TOPAZ DR,
2221 GROSS DAM ROAD UNINCORPORATED,2206 NICHOLL ST W,
2222 WILLOW CREEK DRIVE UNINCORPORATED,2208 SQUIRES ST,
2223 PINE STREET BOULDER,2209 GROVE CIR,
2223 SHERMAN STREET LONGMONT,221 FRONT ST,
2224 EMERY STREET LONGMONT,2210 MARIPOSA AVE,
2227 CANYON 303A LLC ,2213 PINE ST,
2227 CANYON 408A LLC ,2218 CENTRAL PARK WAY,
2228 17TH STREET BOULDER,222 S MAIN ST 27,
2228 PINE STREET BOULDER,2221 9TH AVE,
223 COLLYER STREET LONGMONT,2221 COLUMBINE AVE,
2230 20TH STREET BOULDER,2221 GROSS DAM RD,
2230 SHERMAN STREET LONGMONT,2222 WILLOW CREEK DR,
2230 SUNRISE DRIVE LONGMONT,2223 PINE ST,
2231 EMERY STREET UNIT A LONGMONT,2223 SHERMAN ST,
2232 EMERY STREET LONGMONT,2224 EMERY ST,
2232 HOLYOKE DRIVE BOULDER,2227 CANYON BLVD 303A,
2233 MEADOW STREET LONGMONT,2227 CANYON BLVD 408A,
2233 MOUNTAIN VIEW AVENUE LONGMONT,2228 17TH ST,
2236 LINCOLN STREET LONGMONT,2228 PINE ST,
2238 CENTRAL PARK WAY SUPERIOR,223 COLLYER ST,
224 E 5TH STREET NEDERLAND,2230 20TH ST,
224 HIGH VIEW DRIVE UNINCORPORATED,2230 SHERMAN ST,
2242 LINCOLN STREET LONGMONT,2230 SUNRISE DR,
225 E 8TH AVE F3,2231 EMERY ST D,
225 E 8TH AVENUE UNIT A10 LONGMONT,2232 EMERY ST,
225 E 8TH AVENUE UNIT B15 LONGMONT,2232 HOLYOKE DR,
225 E 8TH AVENUE UNIT B20 LONGMONT,2233 MEADOW ST,
225 E 8TH AVENUE UNIT B5 LONGMONT,2233 MOUNTAIN VIEW AVE,
225 E 8TH AVENUE UNIT C13 LONGMONT,2236 LINCOLN ST,
225 E 8TH AVENUE UNIT C18 LONGMONT,2238 CENTRAL PARK WAY,
225 E 8TH AVENUE UNIT D9 LONGMONT,224 E 5TH ST,
225 E 8TH AVENUE UNIT E4 LONGMONT,224 HIGH VIEW DR,
225 E 8TH AVENUE UNIT E9 LONGMONT,2242 LINCOLN ST,
225 S 38TH STREET BOULDER,225 E 8TH AVE A9,
225 W CORNWALL COURT LAFAYETTE,225 E 8TH AVE B15,
2260 HOWARD PLACE BOULDER,225 E 8TH AVE B20,
2267 HOLYOKE DRIVE BOULDER,225 E 8TH AVE B5,
2269 MARIPOSA AVENUE BOULDER,225 E 8TH AVE C13,
227 SEMINOLE DRIVE BOULDER,225 E 8TH AVE C18,
2270 SPRUCE STREET UNIT A BOULDER,225 E 8TH AVE D9,
2272 DEXTER DRIVE LONGMONT,225 E 8TH AVE E4,
2272 NICHOLL STREET BOULDER,225 E 8TH AVE E9,
2280 KNOLLWOOD DRIVE BOULDER,225 E 8TH AVE F3,
2285 BLUEBELL AVENUE BOULDER,225 S 40TH ST,
2295 TOPAZ DRIVE UNINCORPORATED,225 W CORNWALL CT,
23 E 5TH AVENUE LONGMONT,2260 HOWARD PL,
2301 PEARL STREET UNIT 17 BOULDER,2267 HOLYOKE DR,
2301 PEARL STREET UNIT 32 BOULDER,2269 MARIPOSA AVE,
2301 PEARL STREET UNIT 59 BOULDER,227 SEMINOLE DR,
2301 PEARL STREET UNIT 62 BOULDER,2270 SPRUCE ST C,
2302 PEARL STREET UNIT 39 BOULDER,2272 DEXTER DR,
2302 PEARL STREET UNIT 45 BOULDER,2272 NICHOLL ST E,
2303 PEARL STREET UNIT 48 BOULDER,2280 KNOLLWOOD DR,
2310 GRAPE AVENUE BOULDER,2285 BLUEBELL AVE,
2313 12TH AVENUE LONGMONT,2295 TOPAZ DR,
2315 MEADOW STREET LONGMONT,23 E 5TH AVE,
232 S CARR AVENUE LAFAYETTE,2301 PEARL ST 17,
2321 4TH STREET BOULDER,2301 PEARL ST 32,
2323 PINE STREET BOULDER,2301 PEARL ST 39,
2325 NORTH SHORE DRIVE LONGMONT,2301 PEARL ST 45,
233 COFFMAN STREET LONGMONT,2301 PEARL ST 48,
233 COLLYER STREET LONGMONT,2301 PEARL ST 59,
2330 9TH STREET BOULDER,2301 PEARL ST 62,
2334 MOUNTAIN VIEW AVENUE LONGMONT,2310 GRAPE AVE,
2335 SQUIRES COURT LONGMONT,2313 12TH AVE,
2339 13TH STREET BOULDER,2315 MEADOW ST,
2340 BALSAM DRIVE BOULDER,232 S CARR AVE,
2345 BALSAM DRIVE BOULDER,2321 4TH ST,
2345 LANYON DRIVE LONGMONT,2323 PINE ST,
2345 N 95TH STREET UNINCORPORATED,2325 N SHORE DR,
235 28TH STREET BOULDER,233 COFFMAN ST,
235 30TH STREET BOULDER,233 COLLYER ST,
236 LAB ROAD UNINCORPORATED,2330 9TH ST,
236 TERRY STREET LONGMONT,2334 MOUNTAIN VIEW AVE,
2360 PANORAMA AVENUE BOULDER,2335 SQUIRES CT,
2385 VASSAR DRIVE BOULDER,2339 18TH ST,
2386 VASSAR DRIVE BOULDER,2340 BALSAM DR,
2393 KALMIA AVENUE BOULDER,2345 BLUFF ST,
24 JAMES CIRCLE LONGMONT,2345 LANYON DR,
2400 LINDEN AVENUE BOULDER,2345 N SPRINGWOOD CT,
2400 SCOTT COURT LONGMONT,235 28TH ST,
2405 CALAIS DRIVE LONGMONT,235 30TH ST,
2406 LINCOLN STREET LONGMONT,236 LAB RD,
2406 WALNUT STREET BOULDER,236 TERRY ST,
2407 SHERMAN STREET LONGMONT,2360 PANORAMA AVE,
2409 20TH STREET BOULDER,2385 VASSAR DR,
241 COFFMAN STREET LONGMONT,2386 VASSAR DR,
2410 WALNUT STREET BOULDER,2393 KALMIA AVE,
2419 BOWEN STREET LONGMONT,24 JAMES CIR,
242 PRATT STREET LLC ,2400 LINDEN ST,
2420 10TH STREET BOULDER,2400 SCOTT CT,
2424 MAPLETON AVENUE BOULDER,2405 CALAIS DR,
2425 10TH STREET BOULDER,2406 LINCOLN ST,
2429 SPRUCE CONDOS - BO,2406 WALNUT ST,
2430 CRAGMOOR RD,2407 SHERMAN ST,
2431 COREY STREET LONGMONT,2409 20TH ST,
2432 BLUFF STREET BOULDER,241 COFFMAN ST,
2440 UNIVERSITY HEIGHTS AVENUE BOULDER,2410 WALNUT ST,
2444 10TH STREET BOULDER,2419 BOWEN ST,
2446 7TH STREET BOULDER,242 PRATT ST,
2449 KELLER FARM DRIVE BOULDER,2420 10TH ST,
245 E SUTTON CIRCLE LAFAYETTE,2424 MAPLETON AVE,
245 GAY STREET LONGMONT,2425 10TH ST,
245 LINDEN DRIVE UNINCORPORATED,2429 SPRUCE ST 2,
245 W CORNWALL COURT LAFAYETTE,2430 CRAGMOOR RD,
2461 10TH STREET BOULDER,2431 COREY ST,
2464 SUNSET DRIVE LONGMONT,2432 BLUFF ST,
2471 NORWOOD AVENUE BOULDER,2440 UNIVERSITY HEIGHTS AVE,
2473 SUMAC AVENUE UNINCORPORATED,2444 10TH ST,
2475 KENWOOD DRIVE BOULDER,2446 7TH ST,
248 SKI ROAD UNINCORPORATED,2449 KELLER FARM DR,
2485 JUNIPER AVENUE BOULDER,245 E SUTTON CIR,
249 S HARDING COURT LOUISVILLE,245 GAY ST,
2493 AZALEA WAY LLC ,245 LINDEN DR,
250 GREEN ROCK DRIVE BOULDER,245 W CORNWALL CT,
2500 DARTMOUTH AVENUE BOULDER,2461 10TH ST,
2503 9TH STREET BOULDER,2464 SUNSET DR,
2508 SUNSET DRIVE LONGMONT,2471 NORWOOD AVE,
2510 VASSAR DRIVE BOULDER,2473 SUMAC AVE,
2512 CAMBRIDGE DRIVE LONGMONT,2475 KENWOOD DR,
2512 MAPLETON AVENUE BOULDER,248 SKI RD,
2520 10TH STREET BOULDER,2485 JUNIPER AVE,
2521 EVANS AVENUE LOUISVILLE,249 S HARDING CT,
253 S LINCOLN AVENUE LOUISVILLE,2493 N FRANKLIN AVE,
253 VAQUERO DRIVE UNINCORPORATED,250 GREEN ROCK DR,
2533 LANYON DRIVE LONGMONT,2500 DARTMOUTH AVE,
2535 TABLE MESA DRIVE BOULDER,2503 9TH ST,
2538 STRATFORD LANE LONGMONT,2508 SUNSET DR,
255 SEMINOLE DRIVE BOULDER,2510 VASSAR DR,
2552 WEDGEWOOD AVENUE LONGMONT,2512 CAMBRIDGE DR,
2559 KALMIA AVENUE BOULDER,2512 MAPLETON AVE,
2560 HAWTHORN AVENUE BOULDER,2520 10TH ST,
2570 CRAGMOOR ROAD BOULDER,2521 EVANS AVE,
2585 BALSAM DRIVE BOULDER,253 S LINCOLN AVE,
2595 WOODSTOCK PLACE BOULDER,253 VAQUERO DR,
26 15TH AVENUE LONGMONT,2533 LANYON DR,
26 BENTHAVEN PLACE BOULDER,2535 TABLE MESA DR,
260 PAWNEE DRIVE BOULDER,2538 STRATFORD LN,
2606 JUNIPER AVENUE UNIT 34-1 BOULDER,255 SEMINOLE DR,
2610 ILIFF STREET BOULDER,2552 WEDGEWOOD AVE,
2610 VASSAR DRIVE BOULDER,2559 KALMIA AVE,
2611 MAPLETON AVENUE BOULDER,2560 HAWTHORN AVE,
2620 CORNELL CIRCLE BOULDER,2570 CRAGMOOR RD,
2621 ELMHURST CIRCLE LONGMONT,2585 BALSAM DR,
2625 COLORADO AVENUE BOULDER,2595 WOODSTOCK PL,
2630 JUNIPER AVENUE UNIT 37-1 BOULDER,26 15TH AVE,
2635 JUNIPER AVE 26,26 BRUCE PL,
2635 MAPLETON AVENUE BOULDER,260 PAWNEE DR,
2640 JUNIPER AVENUE UNIT 38-1 BOULDER,2606 JUNIPER AVE 34-5,
2645 9TH AVENUE UNINCORPORATED,2610 ILIFF ST,
2646 HAWTHORNE PLACE BOULDER,2610 VASSAR DR,
2657 JUNIPER AVENUE UNIT 29 BOULDER,2611 MAPLETON AVE,
2660 ILIFF STREET BOULDER,2620 CORNELL CIR,
2667 SHERWOOD CIRCLE BOULDER,2621 ELMHURST CIR,
267 HARPER STREET LOUISVILLE,2625 COLORADO AVE,
268 S BUCHANAN CIRCLE LOUISVILLE,2630 JUNIPER AVE 37-6,
2685 BEECH CIRCLE LONGMONT,2635 JUNIPER AVE 26,
2692 LINDEN DRIVE UNINCORPORATED,2635 MAPLETON AVE 60,
26939 BOULDER CANYON DRIVE UNINCORPORATED,2640 JUNIPER AVE 38-7,
2695 5TH STREET BOULDER,2645 9TH AVE,
2700 DARTMOUTH AVENUE BOULDER,2646 HAWTHORNE PL,
2705 15TH STREET UNIT A BOULDER,2657 JUNIPER AVE 29,
2705 ELM AVENUE BOULDER,2660 ILIFF ST,
2707 VALMONT ROAD 111D LLC ,2667 SHERWOOD CIR,
2707 VALMONT ROAD 201B LLC ,267 HARPER ST,
2707 VALMONT ROAD 208B LLC ,268 S BUCHANAN CIR,
2707 VALMONT ROAD 209A LLC ,2685 BEECH CIR,
2707 VALMONT ROAD 305A LLC ,2692 LINDEN DR,
2707 VALMONT ROAD 314A LLC ,26939 BOULDER CANYON DR,
2711 MAPLETON AVENUE UNIT 1 BOULDER,2695 5TH ST,
2712 LEE HILL DRIVE UNINCORPORATED,2700 DARTMOUTH AVE,
2717 NORTHBROOK PLACE BOULDER,2705 15TH ST A,
2720 14TH STREET BOULDER,2705 ELM AVE,
2727 FOLSOM STREET UNIT 210 BOULDER,2707 VALMONT RD 111D,
2727 FOLSOM STREET UNIT 226 BOULDER,2707 VALMONT RD 201B,
2727 FOLSOM STREET UNIT 314 BOULDER,2707 VALMONT RD 208B,
2727 FOLSOM STREET UNIT 334 BOULDER,2707 VALMONT RD 209A,
2732 DENVER AVENUE LONGMONT,2707 VALMONT RD 305D,
2735 DENVER AVENUE LONGMONT,2707 VALMONT RD 314D,
2738 NORTHBROOK PLACE BOULDER,2711 MAPLETON AVE 6,
275 31ST STREET BOULDER,2712 LEE HILL DR,
275 SPRUCE STREET BOULDER,2717 NORTHBROOK PL,
2788 N 95TH STREET UNINCORPORATED,2720 14TH ST,
280 MARTIN DRIVE BOULDER,2727 FOLSOM ST 210,
2800 5TH STREET BOULDER,2727 FOLSOM ST 226,
2800 KALMIA AVE UNIT A123 LLC ,2727 FOLSOM ST 314,
2800 KALMIA AVE UNIT A127 LLC ,2727 FOLSOM ST 334,
2800 KALMIA AVE UNIT A227 LLC ,2732 DENVER AVE,
2800 KALMIA AVE UNIT B-211 LLC ,2735 DENVER AVE,
2800 KALMIA AVE UNIT B301 LLC ,2738 NORTHBROOK PL,
2800 KALMIA AVE UNIT B307 LLC ,275 31ST ST,
2800 KALMIA AVE UNIT B315 LLC ,275 SPRUCE CT,
2800 KALMIA AVE UNIT C206 LLC ,2788 95TH ST,
2800 KALMIA AVE UNIT C307 LLC ,280 MARTIN DR,
2804 OLSON DRIVE BOULDER,2800 5TH ST,
2808 CORDRY COURT BOULDER,2800 KALMIA AVE A123,
2809 LA GRANGE CIR,2800 KALMIA AVE A127,
281 S BUCHANAN CIRCLE LOUISVILLE,2800 KALMIA AVE A227,
2810 13TH STREET BOULDER,2800 KALMIA AVE B211,
2815 DENVER AVENUE LONGMONT,2800 KALMIA AVE B301,
2828 TROXELL AVENUE LONGMONT,2800 KALMIA AVE B307,
283 CAYWOOD COURT LONGMONT,2800 KALMIA AVE B315,
2832 DENVER AVENUE LONGMONT,2800 KALMIA AVE C206,
2835 DOVER DRIVE BOULDER,2800 KALMIA AVE C307,
2837 15TH AVENUE LONGMONT,2804 OLSON DR,
2840 LA GRANGE CIR,2808 CORDRY CT,
2842 DENVER AVENUE LONGMONT,2809 LA GRANGE CIR,
285 S TAFT CT 50,281 S TAFT CT 52,
2851 20TH STREET BOULDER,2810 13TH ST,
2852 TROXELL AVENUE LONGMONT,2815 DENVER AVE,
2855 HEIDELBERG DRIVE BOULDER,2828 TROXELL AVE,
2855 MARINE ST 1,283 CAYWOOD CT,
2857 SHADOW CREEK DR 103,2832 DENVER AVE,
2859 HARTWICK CIRCLE LONGMONT,2835 DOVER DR,
2860 6TH STREET BOULDER,2837 15TH AVE,
2860 TABLE MESA DRIVE BOULDER,2840 LA GRANGE CIR,
2867 SUNDOWN LN 105,2842 DENVER AVE,
2874 NEBRINA PLACE UNINCORPORATED,285 S TAFT CT 50,
2879 SHADOW CREEK DRIVE UNIT 105 BOULDER,285 VULCAN ST,
2880 14TH STREET BOULDER,2851 20TH ST,
2882 SUNDOWN LN 206,2852 TROXELL AVE,
2889 N 107TH STREET UNINCORPORATED,2855 HEIDELBERG DR,
2892 SHADOW CREEK DRIVE UNIT 201 BOULDER,2855 MARINE ST 1,
2892 SHADOW CREEK DRIVE UNIT 312 BOULDER,2857 SHADOW CREEK DR 103,
2895 18TH STREET BOULDER,2859 HARTWICK CIR,
290 E SUTTON CIRCLE LAFAYETTE,2860 6TH ST,
290 IROQUOIS DRIVE BOULDER,2860 TABLE MESA DR,
2902 SHADOW CREEK DRIVE UNIT 103 BOULDER,2867 SUNDOWN LN 105,
2905 DOVER DRIVE BOULDER,2874 NEBRINA PL,
2905 REGIS DRIVE BOULDER,2879 SHADOW CREEK DR 306,
291 RIDGE ROAD UNINCORPORATED,2880 16TH ST,
2920 JUILLIARD STREET BOULDER,2882 SUNDOWN LN 206,
2921 20TH STREET BOULDER,2889 14TH ST,
2932 SHADOW CREEK DRIVE UNIT 101 BOULDER,2892 SHADOW CREEK DR 201,
2935 BASELINE ASSOCIATES LLC ,2892 SHADOW CREEK DR 312,
2938 KALMIA AVENUE UNIT 1 BOULDER,2895 18TH ST,
2941 21ST STREET BOULDER,290 E SUTTON CIR,
2945 13TH STREET BOULDER,290 IROQUOIS DR,
2945 EAGLE WAY BOULDER,2902 SHADOW CREEK DR 205,
2945 LAKE PARK WAY LONGMONT,2905 DOVER DR,
2948 SHADY HOLW W,2905 REGIS DR,
295 FOX DRIVE BOULDER,291 RIDGEVIEW LN,
2950 BASELINE ROAD BOULDER,2920 JUILLIARD ST,
2952 4TH STREET BOULDER,2921 20TH ST,
2955 MOORHEAD AVENUE BOULDER,2932 SHADOW CREEK DR 301,
2962 SHADOW CREEK DR 105 LLC ,2935 BAYLOR DR,
2963 EAGLE WAY BOULDER,2938 KALMIA AVE 3,
2970 EAGLE WAY BOULDER,2941 21ST ST,
2972 EAGLE WAY BOULDER,2945 19TH ST,
2985 7TH STREET BOULDER,2945 EAGLE WAY,
2985 EAGLE WAY BOULDER,2945 LAKE PARK WAY,
2992 SHADOW CREEK DR 310 LLC ,2948 SHADY HOLW W,
2992 SHADOW CREEK DR 311 LLC ,295 FOX DR,
2993 25TH STREET BOULDER,2950 BROADWAY ST 5,
2995 DARTMOUTH AVENUE BOULDER,2952 4TH ST,
30 BENTHAVEN PLACE BOULDER,2955 MOORHEAD AVE,
300 ARAPAHOE AVENUE UNINCORPORATED,2962 SHADOW CREEK DR 204,
3000 COLORADO AVE UNIT 104A LLC ,2963 EAGLE WAY,
3000 COLORADO AVE UNIT 224F LLC ,2970 EAGLE WAY,
3002 MELISSA LANE UNINCORPORATED,2972 EAGLE WAY,
3003 VALMONT ROAD UNIT 130 BOULDER,2985 7TH ST,
3003 VALMONT ROAD UNIT 6 BOULDER,2985 EAGLE WAY,
3003 VALMONT ROAD UNIT 82 BOULDER,2992 SHADOW CREEK DR 310,
3003 VALMONT ROAD UNIT 87 BOULDER,2992 SHADOW CREEK DR 311,
3009 MADISON AVE K420 LLC ,2993 25TH ST,
301 E GENESEO STREET LAFAYETTE,2995 DARTMOUTH AVE,
3010 10TH STREET UNIT A BOULDER,30 BENTHAVEN PL,
302 W SIMPSON STREET LAFAYETTE,300 ARAPAHOE AVE,
3025 9TH STREET BOULDER,3000 COLORADO AVE 104A,
3025 BROADWAY ST 16,3000 COLORADO AVE 224F,
303 2ND AVENUE SUPERIOR,3002 MELISSA LN,
303 W CHESTER STREET LAFAYETTE,3003 VALMONT RD 130,
3035 ONEAL PKWY S10,3003 VALMONT RD 6,
3035 ONEAL PKWY S37,3003 VALMONT RD 82,
3035 ONEAL PKWY V-11 LLC ,3003 VALMONT RD 87,
3036 9TH STREET BOULDER,3009 MADISON AVE 212L,
3036 EDISON COURT BOULDER,301 E GENESEO ST,
304 RIVERVIEW COURT LONGMONT,3010 14TH ST,
3041 MCINTOSH DRIVE LONGMONT,302 W SIMPSON ST,
3046 FULTON CIRCLE BOULDER,3025 9TH ST,
305 LUCERNE DRIVE LAFAYETTE,3025 BROADWAY ST 16,
305 W LUCERNE DRIVE LAFAYETTE,3025 BROADWAY ST 2,
3050 CORONA TRL M306,303 2ND AVE,
3051 LOGIC DRIVE LONGMONT,303 W CHESTER ST,
3067 REDSTONE LANE UNIT G3 BOULDER,3035 ONEAL PKWY S10,
307 W CHESTER STREET LAFAYETTE,3035 ONEAL PKWY S37,
3075 9TH STREET BOULDER,3035 ONEAL PKWY V12,
308 W WILLIAM STREET SUPERIOR,3036 9TH ST,
3080 EDISON COURT BOULDER,3036 EDISON CT,
3081 N LAKERIDGE TRAIL UNINCORPORATED,304 RIVER VIEW CT,
3087 7TH STREET BOULDER,3041 MCINTOSH DR,
309 CENTENNIAL DRIVE LOUISVILLE,3046 FULTON CIR,
309 MEEKER PLACE LONGMONT,305 LUCERNE DR,
309 W OAK STREET LAFAYETTE,305 W LUCERNE DR,
3090 8TH STREET BOULDER,3050 CORONA TRL M306,
3090 EDISON COURT BOULDER,3051 LOGIC DR,
31 ANCHORAGE COURT LONGMONT,3067 REDSTONE LN G3,
31 BARBER LANE UNINCORPORATED,307 W CHESTER ST,
31 FORSYTHE ROAD UNINCORPORATED,3075 9TH ST,
31 PLACER AVENUE LONGMONT,308 W WILLIAM ST,
310 COUNTY RD 87J ** UNINCORPORATED,3080 EDISON CT,
3101 UNIVERSITY AVENUE LONGMONT,3081 N LAKERIDGE TRL,
3102 GAMOW LANE BOULDER,3087 7TH ST,
3103 BELL DRIVE BOULDER,309 CENTENNIAL DR,
3105 DARTMOUTH AVENUE BOULDER,309 MEEKER PL,
3105 STANFORD AVENUE BOULDER,309 W OAK ST,
3107 BELL DRIVE BOULDER,3090 8TH ST,
3109 GATLING LN EN,3090 EDISON CT,
311 CHALLENGER PLACE LONGMONT,31 ANCHORAGE CT,
3110 20TH STREET BOULDER,31 BARBER LN,
3111 3RD STREET BOULDER,31 FORSYTHE RD,
3111 WESTWOOD COURT BOULDER,31 PLACER AVE,
3120 10TH STREET BOULDER,310 COUNTY RD,
3120 CORONA TRL L106,3101 UNIVERSITY AVE,
3122 10TH STREET BOULDER,3102 GAMOW LN,
3128 4TH STREET BOULDER,3103 BROADWAY ST,
313 BAKER STREET LONGMONT,3105 DARTMOUTH AVE,
3131 7TH STREET BOULDER,3105 STANFORD AVE,
3132 8TH STREET BOULDER,3107 BELL DR,
3133 BELL DRIVE BOULDER,3109 GATLING LN EN,
3135 E EUCLID AVENUE BOULDER,311 CHALLENGER PL,
3135 LAKE PARK WAY LONGMONT,3110 20TH ST,
3140 29TH STREET BOULDER,3111 3RD ST,
3140 7TH STREET BOULDER,3111 WESTWOOD CT,
3145 LAKEVIEW CIRCLE LONGMONT,3120 19TH ST,
3146 9TH STREET BOULDER,3120 CORONA TRL L106,
3148 29TH STREET BOULDER,3122 10TH ST,
315 31ST STREET BOULDER,3128 4TH ST,
315 ARAPAHOE AVENUE UNIT 101 BOULDER,313 BAKER ST,
315 BARNARD COURT UNIT 45 LONGMONT,3131 7TH ST,
315 FRANCIS STREET LONGMONT,3132 8TH ST,
315 HARVARD LN,3133 BELL DR,
315 JUDSON STREET LONGMONT,3135 EUCLID AVE,
315 MARTIN DRIVE BOULDER,3135 LAKE PARK WAY,
3150 EASTWOOD COURT BOULDER,3140 29TH ST,
3155 E AURORA AVENUE BOULDER,3140 7TH ST,
3161 MADISON AVE R109 LLC ,3145 LAKEVIEW CIR,
3161 MADISON AVE R174 LLC ,3146 9TH ST,
317 LYNX DRIVE UNINCORPORATED,3148 29TH ST,
317 RANCH ROAD UNINCORPORATED,315 31ST ST,
3170 29TH STREET BOULDER,315 ARAPAHOE AVE 301,
3176 6TH STREET BOULDER,315 BELLEVUE DR,
3176 EASTWOOD COURT BOULDER,315 FRANCIS ST,
318 MUMFORD AVENUE LONGMONT,315 HARVARD LN,
318 SUMNER STREET LONGMONT,315 JUDSON ST,
32 JAMES CIRCLE LONGMONT,315 MARTIN DR,
32 PEACEFUL VALLEY RD,3150 EASTWOOD CT,
320 HOLLYBERRY LANE BOULDER,3155 AURORA AVE,
320 WELLINGTON AVENUE LAFAYETTE,3161 MADISON AVE R109,
3200 DARTMOUTH AVENUE BOULDER,3161 MADISON AVE R114,
3203 3RD STREET BOULDER,317 LYNX DR,
3206 CRIPPLE CREEK TRL 26,317 ROOSEVELT AVE,
3215 LAFAYETTE DRIVE BOULDER,3170 29TH ST,
3223 4TH STREET BOULDER,3172 CRIPPLE CREEK TRL 19,
323 PEAKVIEW ROAD UNINCORPORATED,3176 6TH ST,
323 S JEFFERSON AVENUE LOUISVILLE,3176 EASTWOOD CT,
3234 10TH STREET BOULDER,318 MUMFORD AVE,
3235 5TH STREET BOULDER,318 SUMNER ST,
3240 6TH STREET BOULDER,32 JAMES CIR,
3240 DARTMOUTH AVENUE BOULDER,32 PEACEFUL VALLEY RD,
3250 E EUCLID AVENUE BOULDER,320 HOLLYBERRY LN,
3250 ONEAL CIRCLE UNIT D26 BOULDER,320 WELLINGTON AVE,
3250 ONEAL CIRCLE UNIT E13 BOULDER,3200 DARTMOUTH AVE,
3250 ONEAL CIRCLE UNIT E24 BOULDER,3203 3RD ST,
3250 ONEAL CIRCLE UNIT F10 BOULDER,3206 CRIPPLE CREEK TRL 26,
3250 ONEAL CIRCLE UNIT F11 BOULDER,3215 LAFAYETTE DR,
3250 ONEAL CIRCLE UNIT F13 BOULDER,3223 4TH ST,
3250 ONEAL CIRCLE UNIT G26 BOULDER,323 PEAKVIEW RD,
3250 ONEAL CIRCLE UNIT H17 BOULDER,323 S JEFFERSON AVE,
3250 ONEAL CIRCLE UNIT H21 BOULDER,3234 10TH ST,
3250 ONEAL CIRCLE UNIT H24 BOULDER,3235 5TH ST,
3250 ONEAL CIRCLE UNIT J37 BOULDER,3240 6TH ST,
3250 ONEAL CIRCLE UNIT K15 BOULDER,3240 DARTMOUTH AVE,
3250 ONEAL CIRCLE UNIT K21 BOULDER,3250 EUCLID AVE,
3250 ONEAL CIRCLE UNIT L16 BOULDER,3250 ONEAL CIR D26,
3251 11TH STREET BOULDER,3250 ONEAL CIR E13,
3255 EMERSON AVENUE BOULDER,3250 ONEAL CIR E24,
326 SUNSET STREET LONGMONT,3250 ONEAL CIR F10,
3268 CRIPPLE CREEK TRL 8B,3250 ONEAL CIR F11,
327 17TH AVENUE LONGMONT,3250 ONEAL CIR F13,
3275 34TH STREET UNIT 74 BOULDER,3250 ONEAL CIR G26,
3275 34TH STREET UNIT 78 BOULDER,3250 ONEAL CIR H17,
3275 34TH STREET UNIT 79 BOULDER,3250 ONEAL CIR H21,
328 FRANCIS STREET LONGMONT,3250 ONEAL CIR H24,
328 S TAFT CT 96,3250 ONEAL CIR J37,
329 COLONY PLACE LONGMONT,3250 ONEAL CIR K15,
3290 E EUCLID AVENUE BOULDER,3250 ONEAL CIR K21,
3293 MADISON AVE S103,3250 ONEAL CIR L16,
3295 34TH STREET UNIT 62 BOULDER,3251 11TH ST,
330 15TH AVENUE BOULDER,3255 EMERSON AVE,
330 17TH STREET BOULDER,326 SUNSET ST,
330 OVERLOOK DRIVE BOULDER,3268 CRIPPLE CREEK TRL 8B,
3309 4TH STREET BOULDER,327 17TH AVE,
3310 25TH STREET BOULDER,3275 34TH ST 74,
3315 MOUNTAIN VIEW AVENUE LONGMONT,3275 34TH ST 78,
3331 LAKEVIEW CIRCLE LONGMONT,3275 34TH ST 79,
3333 FOURMILE CANYON DRIVE UNINCORPORATED,328 FRANCIS ST,
3335 TALISMAN CT D,328 S TAFT CT 96,
3340 DOVER DRIVE BOULDER,329 COLONY PL,
3343 CRIPPLE CREEK TRL H12,3290 EUCLID AVE,
33438 HIGHWAY 72,3293 MADISON AVE S103,
3345 BROADWAY ST 1,3295 34TH ST 70,
335 15TH AVENUE LONGMONT,330 15TH AVE,
3360 25TH STREET BOULDER,330 17TH ST,
3360 34TH ST B,330 OVERLOOK DR,
3363 MADISON AVE V120,3309 4TH ST,
337 ARAPAHOE AVENUE UNIT 101 BOULDER,3310 25TH ST,
337 COLUMBINE PLACE LONGMONT,3315 MOUNTAIN VIEW AVE,
338 SEWARD STREET LYONS,3331 LAKEVIEW CIR,
3380 25TH STREET BOULDER,3333 FOURMILE CANYON DR,
3381 CRIPPLE CREEK TRL D14,3335 TALISMAN CT D,
339 17TH AVENUE LONGMONT,3340 DOVER DR,
3395 E AURORA AVENUE BOULDER,3343 CRIPPLE CREEK TRL H12,
3395 TALISMAN CT C,33438 HIGHWAY 72,
340 15TH STREET BOULDER,3345 BROADWAY ST 1,
340 BEAVER CREEK DRIVE UNINCORPORATED,335 17TH ST,
340 COUNTY ROAD LOUISVILLE,3360 25TH ST,
340 S 36TH STREET BOULDER,3360 34TH ST B,
3413 CAMDEN DRIVE LONGMONT,3363 MADISON AVE V120,
3420 CRIPPLE CREEK SQ G20,337 ARAPAHOE AVE 304,
345 29TH STREET BOULDER,337 COLUMBINE PL,
345 COLONY PLACE LONGMONT,338 SEWARD ST,
345 FOX LN,3380 25TH ST,
345 HOVER STREET LONGMONT,3381 CRIPPLE CREEK TRL D14,
345 SEMINOLE DRIVE BOULDER,339 17TH AVE,
346 W SYCAMORE LANE LOUISVILLE,3395 AURORA AVE,
348 COLLYER STREET UNIT 206 LONGMONT,3395 TALISMAN CT C,
348 COLLYER STREET UNIT 208 LONGMONT,340 17TH ST,
3480 COLORADO AVENUE UNIT B11 BOULDER,340 BEAVER CREEK DR,
3480 COLORADO AVENUE UNIT B8 BOULDER,340 COUNTY RD,
3480 COLORADO AVENUE UNIT D12 BOULDER,340 S 68TH ST,
3485 17TH STREET BOULDER,3413 CAMDEN DR,
3497 COAL CREEK CANYON DRIVE UNIT 100 UNINCORPORATED,3420 CRIPPLE CREEK SQ G20,
3497 COAL CREEK CANYON DRIVE UNIT 4 UNINCORPORATED,344 JUDSON ST,
3497 COAL CREEK CANYON DRIVE UNIT 47 UNINCORPORATED,345 29TH ST,
3497 HIGHWAY 72 60,345 COLONY PL,
35 UNIVERSITY DRIVE LONGMONT,345 FOX LN,
350 ARAPAHOE AVE 3,345 HOVER ST,
350 FRANCIS STREET LONGMONT,345 SEMINOLE DR,
350 OVERLOOK DRIVE BOULDER,346 W SYCAMORE LN,
350 S 40TH STREET BOULDER,3460 COLORADO AVE B11,
350 SEMINOLE DRIVE BOULDER,3460 COLORADO AVE B8,
3505 MARTIN DRIVE BOULDER,348 COLLYER ST 206,
3507 SPRING CREEK PLACE BOULDER,348 COLLYER ST 208,
3514 FOURMILE CANYON DRIVE UNINCORPORATED,3480 COLORADO AVE D12,
3522 22ND STREET BOULDER,3485 17TH ST,
355 S 36TH STREET BOULDER,3497 COAL CREEK CANYON DR 100,
3562 SMUGGLER WAY BOULDER,3497 COAL CREEK CANYON DR 4,
3566 FOURMILE CANYON DRIVE UNINCORPORATED,3497 COAL CREEK CANYON DR 47,
358 SUNNYSIDE LANE LONGMONT,3497 HIGHWAY 72 60,
3595 19TH STREET BOULDER,35 UNIVERSITY DR,
36 KODIAK COURT LONGMONT,350 ARAPAHOE AVE 3,
36 UTICA STREET WARD,350 FRANCIS ST,
360 27TH STREET BOULDER,350 OVERLOOK DR,
360 28TH STREET BOULDER,350 S 40TH ST,
360 9TH AVENUE LONGMONT,350 SEMINOLE DR,
3600 BROADWAY BOULDER,3505 MARTIN DR,
3600 HAZELWOOD COURT BOULDER,3507 SPRING CREEK PL,
3600 IRIS AVENUE UNIT A BOULDER,3514 FOURMILE CANYON DR,
363 GOLD RUN ROAD UNINCORPORATED,3522 22ND ST,
364 OWL DRIVE UNIT 64 LOUISVILLE,355 S 36TH ST,
3640 16TH STREET BOULDER,3562 SMUGGLER WAY,
3641 19TH STREET BOULDER,3566 FOURMILE CANYON DR,
368 JACKSON CIRCLE LOUISVILLE,358 SUNNYSIDE LN,
3686 CHASE COURT BOULDER,3595 19TH ST,
3690 IRIS AVE A,36 KODIAK CT,
37 CHESEBRO WAY UNINCORPORATED,36 UTICA ST,
37 ELDORADO SPRINGS DRIVE UNINCORPORATED,360 27TH ST,
37 SEVEN HILLS DRIVE UNINCORPORATED,360 28TH ST,
370 20TH STREET BOULDER,360 9TH AVE,
370 32ND STREET BOULDER,3600 BROADWAY ST,
370 OVERLOOK DRIVE BOULDER,3600 HAZELWOOD CT,
3705 BIRCHWOOD DRIVE UNIT 31 BOULDER,3600 IRIS AVE A,
3705 BIRCHWOOD DRIVE UNIT 6 BOULDER,363 GOLD RUN RD,
3705 BIRCHWOOD DRIVE UNIT 8 BOULDER,364 OWL DR 64,
3725 BIRCHWOOD DRIVE UNIT 21 BOULDER,3640 19TH ST,
374 CHEROKEE AVE TRUST ,3641 19TH ST,
3740 CLOVERLEAF DRIVE BOULDER,365 NORTON ST,
375 AUBURN AVENUE BOULDER,368 JACKSON CIR,
3755 BIRCHWOOD DRIVE UNIT 43 BOULDER,3686 CHASE CT,
3755 BIRCHWOOD DRIVE UNIT 47 BOULDER,3690 IRIS AVE A,
3765 BIRCHWOOD DRIVE UNIT 49 BOULDER,37 CHESEBRO WAY,
3765 ORANGE LANE BOULDER,37 ELDORADO SPRINGS DR,
3772 WONDERLAND HILL AVENUE BOULDER,37 SEVEN HILLS DR,
3775 BIRCHWOOD DRIVE UNIT 57 BOULDER,370 20TH ST,
378 SKI ROAD UNINCORPORATED,370 32ND ST,
3787 TALISMAN PLACE UNIT A BOULDER,370 OVERLOOK DR,
3803 PASEO DEL PRADO UNINCORPORATED,3705 BIRCHWOOD DR 6,
3806 MOUNTAIN VIEW AVENUE LONGMONT,3705 BIRCHWOOD DR 8,
3810 SPRING VALLEY ROAD LLC ,3725 BIRCHWOOD DR 21,
3812 ANGELOVIC COURT UNINCORPORATED,3735 BIRCHWOOD DR 31,
3825 ELMHURST PLACE BOULDER,374 CHEROKEE AVE,
3830 BARR COURT BOULDER,3740 CLOVERLEAF DR,
3840 BROADWAY UNIT 23 BOULDER,375 AUBURN ST,
3840 BROADWAY UNIT 27 BOULDER,3755 BIRCHWOOD DR 43,
3840 BROADWAY UNIT 28 BOULDER,3755 BIRCHWOOD DR 47,
3843 N 57TH STREET UNINCORPORATED,3765 BIRCHWOOD DR 50,
3845 PASEO DEL PRADO UNINCORPORATED,3765 ORANGE LN,
3847 PASEO DEL PRADO UNINCORPORATED,3772 WONDERLAND HILL AVE,
38478 BOULDER CANYON DRIVE UNINCORPORATED,3775 BIRCHWOOD DR 64,
3850 PASEO DEL PRADO 30 UNINCORPORATED,378 SKI RD,
3850 PASEO DEL PRADO 6 UNINCORPORATED,3787 TALISMAN PL D,
3865 TALISMAN PL D,3803 PASEO DEL PRADO,
3870 BROADWAY ST 13,3806 MOUNTAIN VIEW AVE,
3877 15TH STREET BOULDER,3810 SPRING VALLEY RD,
3878 BEASLEY DRIVE ERIE,3812 ANGELOVIC CT,
3885 17TH STREET BOULDER,3825 ELMHURST PL,
3890 N 109TH STREET UNINCORPORATED,3830 BARR CT,
3895 BRITTING AVENUE BOULDER,3840 BROADWAY ST 27,
39 CHESEBRO WAY UNINCORPORATED,3840 BROADWAY ST 28,
390 LAKESHORE PARK ROAD UNINCORPORATED,3843 57TH ST,
390 LEONARDS ROAD UNINCORPORATED,3845 PASEO DEL PRADO,
3900 MAGNOLIA DRIVE UNINCORPORATED,3847 PASEO DEL PRADO,
3936 BOGEY COURT UNINCORPORATED,38478 BOULDER CANYON DR,
395 30TH STREET BOULDER,3850 BROADWAY ST 23,
3950 N 57TH STREET UNINCORPORATED,3850 PASEO DEL PRADO 30,
3953 FULLER COURT BOULDER,3850 PASEO DEL PRADO 6,
396 N 76TH STREET UNINCORPORATED,3865 TALISMAN PL D,
3965 CARLOCK DRIVE BOULDER,3870 BROADWAY ST 13,
3973 BOSQUE COURT UNINCORPORATED,3870 BROADWAY ST 18,
3985 FULLER COURT BOULDER,3877 15TH ST,
3990 DARLEY AVENUE BOULDER,3878 BROADWAY ST 2,
3991 ESCUELA COURT UNINCORPORATED,3885 17TH ST,
3995 MOORHEAD AVENUE BOULDER,3890 N 109TH ST,
4 ANCHORAGE COURT LONGMONT,3895 BRITTING AVE,
4 BILL WAITE ROAD UNINCORPORATED,39 CHESEBRO WAY,
4 CENTAUR CT A,390 LAKESHORE PARK RD,
4 CENTAUR CT B,390 LEONARDS RD,
40 FRONTIER PLACE LONGMONT,3900 MAGNOLIA DR,
400 HARD WAY RD,3936 BOSQUE CT,
400 W GENESEO STREET LAFAYETTE,395 30TH ST,
401 2ND AVENUE LYONS,3950 NEWPORT LN,
401 PACE STREET LONGMONT,3953 FULLER CT,
401 W BASELINE ROAD LAFAYETTE,396 76TH ST,
401 W SIMPSON STREET LAFAYETTE,3965 CARLOCK DR,
402 E CLEVELAND STREET LAFAYETTE,3973 BOSQUE CT,
403 S AUTREY AVENUE LAFAYETTE,3985 FULLER CT,
4056 CRYSTAL COURT BOULDER,3990 DARLEY AVE,
407 HOVER STREET LONGMONT,3991 ESCUELA CT,
407 W CLEVELAND STREET LAFAYETTE,3995 MOORHEAD AVE,
4084 NIBLICK DRIVE UNINCORPORATED,4 ANCHORAGE CT,
409 W LUCERNE DRIVE LAFAYETTE,4 BILL WAITE RD,
4090 CARLOCK DRIVE BOULDER,4 CENTAUR CT A,
410 COLLEGE AVENUE BOULDER,4 CENTAUR CT B,
410 E CHESTER STREET LAFAYETTE,40 FRONTIER PL,
410 PROSPECT STREET LYONS,400 HARD WAY RD,
410 S AUTREY AVENUE LAFAYETTE,400 W GENESEO ST,
411 SPRUCE STREET UNIT A BOULDER,401 2ND AVE,
4110 MONROE DRIVE UNIT A BOULDER,401 PHEASANT RUN,
412 ELLIOTT STREET LONGMONT,401 W BASELINE RD,
4125 GILPIN DRIVE BOULDER,401 W SIMPSON ST,
4130 GILPIN DRIVE BOULDER,402 E CLEVELAND ST,
4135 MONROE DR D,403 AUTREY AVE,
4145 AUTUMN COURT BOULDER,4056 CRYSTAL CT,
4145 MONROE DR D,407 HOVER ST,
415 WILD HORSE CIRCLE UNINCORPORATED,407 W CLEVELAND ST,
4150 MONROE DR B,4084 NIBLICK DR,
4155 MONROE DR B,409 W LUCERNE DR,
416 KENSINGTON STREET LONGMONT,4090 CARLOCK DR,
4160 MONROE DRIVE UNIT A BOULDER,410 AUTREY AVE,
4164 GREENBRIAR BLVD,410 COLLEGE AVE,
4165 APACHE ROAD BOULDER,410 E CHESTER ST,
418 BARNARD COURT UNIT 78 LONGMONT,410 PROSPECT ST,
418 COUNTY ROAD 82 E,411 SPRUCE ST A,
4180 EVANS DRIVE BOULDER,4110 MONROE DR D,
4188 15TH STREET BOULDER,412 ELLIOTT ST,
4207 MONROE DRIVE UNIT A BOULDER,4125 GILPIN DR,
421 CRYSTAL PLACE LONGMONT,4130 GILPIN DR,
4215 N 124TH STREET UNINCORPORATED,4135 MONROE DR D,
422 VIVIAN STREET LONGMONT,4145 AUTUMN CT,
4224 GREENBRIAR BLVD,4145 MONROE DR D,
423 TUNGSTEN PLACE LONGMONT,415 WILD HORSE CIR,
4238 SUMAC COURT UNINCORPORATED,4150 MONROE DR B,
424 S LASHLEY LANE BOULDER,4155 MONROE DR B,
424 VERDANT CIRCLE LONGMONT,416 KENSINGTON ST,
4250 WHITNEY PLACE BOULDER,4160 MONROE DR D,
4251 NELSON ROAD UNINCORPORATED,4164 GREENBRIAR BLVD,
4256 REDWOOD COURT UNINCORPORATED,4165 APACHE RD,
426 HIGHLAND DRIVE LONGMONT,418 BUCKLEY DR,
4269 SUMAC COURT UNINCORPORATED,418 COUNTY ROAD 82 E,
4278 UTE HWY,4180 EVANS DR,
428 BAKER STREET LONGMONT,4188 15TH ST,
428 PHEASANT RUN LOUISVILLE,4207 MONROE DR D,
429 MARTIN STREET LONGMONT,421 CRYSTAL PL,
4290 PLUM COURT UNINCORPORATED,4215 124TH ST,
4295 EATON COURT BOULDER,422 VIVIAN ST,
4296 SUNSHINE CANYON DRIVE UNINCORPORATED,4224 GREENBRIAR BLVD,
4305 COMANCHE DRIVE BOULDER,423 TUNGSTEN PL,
433 DICKSON STREET LONGMONT,4238 SUMAC CT,
43333 PEAK TO PEAK ** WARD,424 S LASHLEY LN,
4340 WHITNEY PLACE BOULDER,424 VERDANT CIR,
435 ELLIOTT STREET LONGMONT,4250 WHITNEY PL,
435 TERRY STREET LONGMONT,4251 NELSON RD,
436 ARBOR DRIVE LAFAYETTE,4256 REDWOOD CT,
436 UTICA AVENUE BOULDER,426 HIGHLAND DR,
4361 BUTLER CIRCLE BOULDER,4269 SUMAC CT,
438 LILAC COURT LOUISVILLE,4278 UTE HWY,
4383 PEACH COURT UNINCORPORATED,428 BAKER ST,
439 JUDSON STREET LONGMONT,428 PHEASANT RUN,
4399 LARIAT WAY UNINCORPORATED,429 MARTIN ST,
44 CEDAR COURT LONGMONT,4290 PLUM CT,
441 HARVARD LANE BOULDER,4295 EATON CT,
4420 HASTINGS DRIVE BOULDER,4296 SUNSHINE CANYON DR,
4425 SANDPIPER CIRCLE UNINCORPORATED,4305 COMANCHE DR,
4426 DRIFTWOOD PLACE UNINCORPORATED,433 DICKSON ST,
443 PHEASANT RUN LOUISVILLE,43333 PEAK TO PEAK HWY,
4433 DRIFTWOOD PL,4340 WHITNEY PL,
4433 RIDGE ROAD UNINCORPORATED,435 ELLIOTT ST,
444 COLLYER STREET LONGMONT,435 TERRY ST,
445 HIGHLAND AVENUE BOULDER,436 ATWOOD ST,
445 MARINE STREET BOULDER,436 UTICA AVE,
4453 DRIFTWOOD PLACE UNINCORPORATED,4361 BUTLER CIR,
446 THERESA DRIVE UNINCORPORATED,438 LILAC CT,
4466 DALLAS PLACE BOULDER,4383 PEACH CT,
4469 CANTERBURY DRIVE UNINCORPORATED,439 JUDSON ST,
447 ELLIOTT STREET LONGMONT,4399 LARIAT WAY,
4471 FOURTH OF JULY ROAD UNINCORPORATED,44 CEDAR CT,
4475 BROADWAY BOULDER STREET 41,441 HARVARD LN,
4475 BROADWAY BOULDER STREET 49,4420 HASTINGS DR,
4475 BROADWAY BOULDER STREET 52,4425 SANDPIPER CIR,
4475 BROADWAY BOULDER STREET 74,4426 DRIFTWOOD PL,
4475 LAGUNA PLACE UNIT 115 BOULDER,443 PHEASANT RUN,
4475 LAGUNA PLACE UNIT 306 BOULDER,4433 DRIFTWOOD PL,
4475 LAGUNA PLACE UNIT 316 BOULDER,4433 RIDGE RD,
4480 HASTINGS DRIVE BOULDER,444 COLLYER ST,
4490 DARLEY AVENUE BOULDER,445 HIGHLAND AVE,
4495 RUBY STREET UNINCORPORATED,445 MARINE ST,
4496 PRADO DRIVE UNINCORPORATED,4453 DRIFTWOOD PL,
45 ALPINE DRIVE NEDERLAND,446 THERESA DR,
45 COLLEGE COURT LONGMONT,4466 DALLAS PL,
4500 19TH STREET BOULDER,4469 CANTERBURY DR,
4500 19TH STREET BOULDER STREET 147,447 ELLIOTT ST,
4500 19TH STREET BOULDER STREET 148,4471 FOURTH OF JULY RD,
4500 19TH STREET BOULDER STREET 152,4475 BROADWAY ST 41,
4500 19TH STREET BOULDER STREET 185,4475 BROADWAY ST 49,
4500 19TH STREET BOULDER STREET 229,4475 BROADWAY ST 52,
4500 19TH STREET BOULDER STREET 48,4475 BROADWAY ST 74,
4500 19TH STREET BOULDER STREET 499,4475 LAGUNA PL 306,
4500 19TH STREET BOULDER STREET 519,4475 LAGUNA PL 316,
4500 19TH STREET BOULDER STREET 546,4475 LAGUNA PL 317,
4500 19TH STREET BOULDER STREET 620,4480 HASTINGS DR,
4515 MARTIN DRIVE BOULDER,4490 DARLEY AVE,
4521 NAVAJO PLACE BOULDER,4495 RUBY ST,
4523 STARBOARD CT,4496 PRADO DR,
453 ELLIOTT STREET LONGMONT,45 ALPINE DR,
453 NEWMAN CIRCLE LONGMONT,45 COLLEGE CT,
4535 MARTIN DRIVE BOULDER,4500 19TH ST 147,
4537 ELDORADO SPRINGS DRIVE UNINCORPORATED,4500 19TH ST 148,
454 ARAPAHOE AVENUE BOULDER,4500 19TH ST 152,
454 MORRISON ALLEY BOULDER,4500 19TH ST 185,
4540 KEEL COURT UNINCORPORATED,4500 19TH ST 229,
4542 ABERDEEN PLACE UNINCORPORATED,4500 19TH ST 48,
4551 BEACHCOMBER COURT UNINCORPORATED,4500 19TH ST 499,
4558 ASHFIELD DRIVE UNINCORPORATED,4500 19TH ST 519,
458 GREENWOOD LN,4500 19TH ST 546,
4585 MARTIN DRIVE BOULDER,4500 19TH ST 620,
459 WESTVIEW COURT LONGMONT,4500 19TH ST 72,
46 CORNELL DRIVE LONGMONT,4515 MARTIN DR,
46 SUNDANCE CIRCLE NEDERLAND,4521 NAVAJO PL,
4621 ALMOND LN 1,4523 STARBOARD CT,
4626 STARBOARD DRIVE UNINCORPORATED,453 ELLIOTT ST,
4633 ALMOND LANE UNIT 4 UNINCORPORATED,453 NEWMAN CIR,
4650 KIRKWOOD STREET UNINCORPORATED,4535 MARTIN DR,
4650 SHAWNEE PLACE BOULDER,4537 ELDORADO SPRINGS DR,
4650 WHITE ROCK CIRCLE UNIT 9 UNINCORPORATED,454 ARAPAHOE AVE,
4654 WHITE ROCK CIRCLE UNIT 3 UNINCORPORATED,454 MORRISON ALY,
4654 WHITE ROCK CIRCLE UNIT 4 UNINCORPORATED,4540 KEEL CT,
4654 WHITE ROCK CIRCLE UNIT 5 UNINCORPORATED,4542 ABERDEEN PL,
466 FOX STREET LONGMONT,4551 BEACHCOMBER CT,
4665 INGRAM COURT BOULDER,4558 ASHFIELD DR,
4667 DEVONSHIRE STREET UNINCORPORATED,458 GREENWOOD LN,
4668 17TH ST,4585 MARTIN DR,
4670 WHITE ROCK CIRCLE UNIT 6 UNINCORPORATED,459 WESTVIEW CT,
4670 WHITE ROCK CIRCLE UNIT 8 UNINCORPORATED,46 CORNELL DR,
4674 TANGLEWOOD TRAIL UNINCORPORATED,46 SUNDANCE CIR,
4675 MACKY WAY BOULDER,4621 ALMOND LN 1,
4676 INGRAM COURT BOULDER,4626 STARBOARD DR,
4676 WHITE ROCK CIRCLE UNIT 1 UNINCORPORATED,4633 ALMOND LN 4,
4678 INGRAM COURT BOULDER,4650 KIRKWOOD ST,
468 ARAPAHOE AVENUE BOULDER,4650 SHAWNEE PL,
4680 WHITE ROCK CIR 11,4650 WHITE ROCK CIR 9,
4682 ELDORADO SPRINGS DRIVE UNINCORPORATED,4654 WHITE ROCK CIR 3,
4695 SHAWNEE PLACE BOULDER,4654 WHITE ROCK CIR 4,
47 HILLSIDE COURT UNINCORPORATED,4654 WHITE ROCK CIR 5,
470 THERESA DRIVE UNINCORPORATED,466 FOX ST,
4705 TANTRA DRIVE UNIT 5A BOULDER,4665 INGRAM CT,
471 BLACKFOOT STREET SUPERIOR,4667 DEVONSHIRE ST,
4713 SPINE RD C,4668 17TH ST,
4717 SPINE ROAD D LLC ,4670 WHITE ROCK CIR 6,
472 S LASHLEY LANE BOULDER,4670 WHITE ROCK CIR 8,
4725 SHOUP PLACE BOULDER,4674 TANGLEWOOD TRL,
4728 IPSWICH STREET UNINCORPORATED,4675 MACKY WAY,
4729 CHATHAM STREET UNINCORPORATED,4676 INGRAM CT,
4729 SPINE RD F,4676 WHITE ROCK CIR 2,
4731 TANTRA DRIVE UNIT G6 BOULDER,4678 INGRAM CT,
4733 WHITE ROCK CIR A,468 ARAPAHOE AVE,
4734 ESSEX COURT UNINCORPORATED,4680 WHITE ROCK CIR 11,
4742 DEVONSHIRE STREET UNINCORPORATED,4682 ELDORADO SPRINGS DR,
475 QUAIL CIRCLE BOULDER,4682 WHITE ROCK CIR 12,
4751 TANTRA DR D7,4695 SHAWNEE PL,
4765 MCKINLEY DRIVE BOULDER,47 HILLSIDE CT,
4770 VALHALLA DRIVE UNINCORPORATED,470 THERESA DR,
4773 TANTRA DRIVE UNIT 8A BOULDER,4705 TANTRA DR 5A,
478 WILD HORSE CIRCLE UNINCORPORATED,471 BOULDER ST,
4780 CHEYENNE COURT BOULDER,4713 SPINE RD C,
4782 VALHALLA DRIVE UNINCORPORATED,4717 SPINE RD,
4785 WHITE ROCK CIRCLE UNIT A UNINCORPORATED,472 S LASHLEY LN,
479 TUNNEL 19 ROAD UNINCORPORATED,4725 SHOUP PL,
4799 WHITE ROCK CIRCLE UNIT A UNINCORPORATED,4728 IPSWICH ST,
48 UNIVERSITY DRIVE LONGMONT,4729 CHATHAM ST,
4800 RICARA DRIVE BOULDER,4729 SPINE RD F,
4804 MACINTOSH PLACE BOULDER,4731 TANTRA DR G6,
4814 BRANDON CREEK DRIVE BOULDER,4733 WHITE ROCK CIR A,
4817 MCKINLEY DRIVE BOULDER,4734 ESSEX CT,
4819 WHITE ROCK CIRCLE UNIT A UNINCORPORATED,4742 DEVONSHIRE ST,
4831 WHITE ROCK CIRCLE UNIT A UNINCORPORATED,475 QUAIL CIR,
4833 WHITE ROCK CIRCLE UNIT A UNINCORPORATED,4751 TANTRA DR D7,
4835 MOORHEAD AVENUE BOULDER,4765 MCKINLEY DR,
4837 WHITE ROCK CIR D,4770 VALHALLA DR,
4838 BRANDON CREEK DRIVE BOULDER,4773 TANTRA DR 8A,
4839 WHITE ROCK CIR UNIT B LLC ,478 WILD HORSE CIR,
4857 DARWIN COURT BOULDER,4780 CHEYENNE CT,
4858 TANGLEWOOD COURT UNINCORPORATED,4782 VALHALLA DR,
486 OWL DR 12,4785 WHITE ROCK CIR E,
4875 WHITE ROCK CIR G,4789 WHITE ROCK CIR B,
4877 ELDORADO SPRINGS DRIVE UNINCORPORATED,479 TUNNEL 19 RD,
4879 FAIRLAWN COURT UNINCORPORATED,4799 WHITE ROCK CIR F,
4883 WHITE ROCK CIRCLE UNIT A UNINCORPORATED,48 UNIVERSITY DR,
4889 WHITE ROCK CIRCLE UNIT A UNINCORPORATED,4800 RICARA DR,
489 HARD WAY RD,4804 MACINTOSH PL,
49 GARDNER DRIVE LONGMONT,4814 BRANDON CREEK DR,
490 VERDANT CIRCLE LONGMONT,4817 MCKINLEY DR,
4900 SIOUX DRIVE BOULDER,4819 WHITE ROCK CIR G,
491 MUIRFIELD COURT LOUISVILLE,4823 WHITE ROCK CIR C,
4912 CLUBHOUSE CT,4831 WHITE ROCK CIR H,
4915 TWIN LAKES ROAD UNIT 16 BOULDER,4833 WHITE ROCK CIR H,
4915 TWIN LAKES ROAD UNIT 22 BOULDER,4835 MOORHEAD AVE,
4915 TWIN LAKES ROAD UNIT 24 BOULDER,4837 WHITE ROCK CIR D,
492 W 4TH ST A,4838 BRANDON CREEK DR,
493 LILAC CT,4839 WHITE ROCK CIR F,
4935 TWIN LAKES ROAD UNIT 25 BOULDER,4857 DARWIN CT,
494 RIVERSIDE DRIVE UNINCORPORATED,4858 TANGLEWOOD CT,
4943 SUNDANCE SQUARE UNINCORPORATED,486 OWL DR 12,
4964 CLUBHOUSE CT,4875 WHITE ROCK CIR G,
497 HARD WAY RD,4877 ELDORADO SPRINGS DR,
4978 CARTER CT,4879 FAIRLAWN CT,
4980 MEREDITH WAY UNIT 203 BOULDER,4883 WHITE ROCK CIR B,
4980 MEREDITH WAY UNIT 212 BOULDER,4889 WHITE ROCK CIR D,
4980 MEREDITH WAY UNIT 303 BOULDER,489 HARD WAY RD,
4990 MEREDITH WAY UNIT 201 BOULDER,49 GARDNER DR,
4990 MEREDITH WAY UNIT 301 BOULDER,490 VERDANT CIR,
5 KNEALE RD,4900 SIOUX DR,
5 TEXAS LANE LONGMONT,491 MUIRFIELD CT,
50 19TH AVENUE UNIT 1 LONGMONT,4912 CLUBHOUSE CT,
500 13TH STREET BOULDER,4915 TWIN LAKES RD 16,
500 MANHATTAN DRIVE UNIT A10 BOULDER,4915 TWIN LAKES RD 22,
500 MANHATTAN DRIVE UNIT C9 BOULDER,4915 TWIN LAKES RD 24,
500 MANHATTAN DRIVE UNIT D12 BOULDER,492 W 4TH ST A,
500 MOHAWK DRIVE UNIT 203 BOULDER,493 LILAC CT,
500 MOHAWK DRIVE UNIT 402 BOULDER,4935 TWIN LAKES RD 25,
500 MOHAWK DRIVE UNIT 404 BOULDER,494 RIVERSIDE DR,
500 MOHAWK DRIVE UNIT 505 BOULDER,4943 SUNDANCE SQ,
500 MOHAWK DRIVE UNIT 509 BOULDER,4955 MOORHEAD AVE 8,
500 MOHAWK DRIVE UNIT 602 BOULDER,4964 CLUBHOUSE CT,
500 MOHAWK DRIVE UNIT 607 BOULDER,497 HARD WAY RD,
5000 BELLA VISTA DRIVE STREET 108 LONGMONT,4978 CARTER CT,
5000 BELLA VISTA DRIVE STREET 127 LONGMONT,4980 MEREDITH WAY 203,
5000 BELLA VISTA DRIVE STREET 139 LONGMONT,4980 MEREDITH WAY 212,
5000 BELLA VISTA DRIVE STREET 225 LONGMONT,4980 MEREDITH WAY 303,
5000 BUTTE STREET UNIT 157 BOULDER,4990 MEREDITH WAY 211,
5000 BUTTE STREET UNIT 294 BOULDER,4990 MEREDITH WAY 311,
5000 BUTTE STREET UNIT 83 BOULDER,5 KNEALE RD,
502 ELLIOTT STREET LONGMONT,5 TEXAS LN,
502 S PEAK TO PEAK HIGHWAY NEDERLAND,50 19TH AVE 7,
504 S PEAK TO PEAK HIGHWAY NEDERLAND,500 13TH ST,
5042 BUCKINGHAM ROAD UNINCORPORATED,500 MANHATTAN DR A10,
5044 GALLATIN PLACE BOULDER,500 MANHATTAN DR C9,
5058 MAGNOLIA DRIVE UNINCORPORATED,500 MANHATTAN DR D12,
506 E SAINT CLAIR AVE,500 MOHAWK DR 203,
509 FIRESIDE STREET LOUISVILLE,500 MOHAWK DR 402,
5094 BUCKINGHAM ROAD UNINCORPORATED,500 MOHAWK DR 404,
510 ITHACA DRIVE BOULDER,500 MOHAWK DR 505,
510 JEFFERSON AVENUE LOUISVILLE,500 MOHAWK DR 509,
510 KIMBARK STREET LONGMONT,500 MOHAWK DR 602,
510 S 44TH STREET BOULDER,500 MOHAWK DR 607,
510 SUNSET DRIVE LOUISVILLE,5000 BUTTE ST 108,
5102 WILLIAMS FORK TRL 101,5000 BUTTE ST 117,
5102 WILLIAMS FORK TRL 109,5000 BUTTE ST 127,
511 E OAK STREET LAFAYETTE,5000 BUTTE ST 139,
5116 WILLIAMS FORK TRL 110,5000 BUTTE ST 157,
5116 WILLIAMS FORK TRL 202,5000 BUTTE ST 255,
5120 WILLIAMS FORK TRL 105,5000 BUTTE ST 294,
5120 WILLIAMS FORK TRL 113,5000 BUTTE ST 83,
5120 WILLIAMS FORK TRL 202,502 ELLIOTT ST,
5122 WILLIAMS FORK TRL 101,502 S PEAK TO PEAK HWY,
5124 WILLIAMS FORK TRL 104,504 S PEAK TO PEAK HWY,
5124 WILLIAMS FORK TRL 105,5042 BUCKINGHAM RD,
5124 WILLIAMS FORK TRL 207,5044 GALLATIN PL,
5126 WILLIAMS FORK TRL 104,5058 MAGNOLIA DR,
5126 WILLIAMS FORK TRL 206,506 E SAINT CLAIR AVE,
513 COUNTRY LANE UNINCORPORATED,509 FIRESIDE ST,
514 ATWOOD STREET LONGMONT,5094 BUCKINGHAM RD,
514 GAY STREET LONGMONT,510 ITHACA DR,
515 MANHATTAN DR 203,510 JEFFERSON AVE,
516 PINE STREET BOULDER,510 KIMBARK ST,
516 W SPRUCE WAY LOUISVILLE,510 S 44TH ST,
517 COLLYER STREET LONGMONT,510 SUNSET DR,
518 W LOIS WAY LOUISVILLE,5102 WILLIAMS FORK TRL 101,
525 13TH STREET BOULDER,5102 WILLIAMS FORK TRL 109,
525 JACK PINE COURT BOULDER,511 E OAK ST,
5255 PENNSYLVANIA AVENUE UNINCORPORATED,5116 WILLIAMS FORK TRL 110,
5292 SUN DIAL PLACE UNINCORPORATED,5116 WILLIAMS FORK TRL 202,
53 E 15TH AVENUE LONGMONT,5120 WILLIAMS FORK TRL 105,
5321 MARSHALL DRIVE UNINCORPORATED,5120 WILLIAMS FORK TRL 113,
5322 ODIN AVENUE UNINCORPORATED,5120 WILLIAMS FORK TRL 202,
533 EAST STREET LOUISVILLE,5122 WILLIAMS FORK TRL 101,
533 W BEECH PLACE LOUISVILLE,5124 WILLIAMS FORK TRL 104,
5339 OLDE STAGE ROAD UNINCORPORATED,5124 WILLIAMS FORK TRL 105,
534 HOPTREE CT,5124 WILLIAMS FORK TRL 207,
535 S 42ND STREET BOULDER,5126 WILLIAMS FORK TRL 104,
5355 TENINO AVENUE BOULDER,5126 WILLIAMS FORK TRL 206,
536 CAMERON CT,513 COUNTRY LN,
536 LINDEN PARK DRIVE BOULDER,514 ATWOOD ST,
537 PARK STREET LYONS,514 GAY ST,
5375 PENNSYLVANIA AVENUE UNINCORPORATED,515 MANHATTAN DR 203,
5377 MANHATTAN CIRCLE UNIT 101 BOULDER,516 PINE ST,
538 W SYCAMORE CIRCLE LOUISVILLE,516 W SPRUCE WAY,
54 PLACER AVENUE LONGMONT,517 COLLYER ST,
540 S 40TH STREET BOULDER,518 W LOIS WAY,
541 ARAPAHOE AVENUE BOULDER,525 15TH AVE 20,
541 W CEDAR PLACE LOUISVILLE,525 JACK PINE CT,
543 LINDEN PARK DRIVE BOULDER,5255 PENNSYLVANIA AVE,
5444 MARSHALL ROAD UNINCORPORATED,5292 SUN DIAL PL,
545 JEFFERSON AVENUE LOUISVILLE,53 E 15TH AVE,
5451 WHITE PLACE BOULDER,5321 MARSHALL DR,
5457 BLACK HAWK ROAD BOULDER,5322 ODIN AVE,
5459 ILLINI WAY BOULDER,533 EAST ST,
5462 PUEBLO PLACE BOULDER,533 W BEECH PL,
548 ALPINE STREET LONGMONT,5339 OLDE STAGE RD,
5489 SENECA PLACE BOULDER,534 HOPTREE CT,
549 LINDEN PARK DRIVE BOULDER,535 S 42ND ST,
549 PARBOIS LANE LOUISVILLE,5355 TENINO AVE,
55 ELDORADO SPRINGS DRIVE UNINCORPORATED,536 CAMERON CT,
5505 VALMONT RD 204,536 LINDEN PARK DR,
5505 VALMONT RD 210,537 PARK ST,
5505 VALMONT RD 212,5375 PENNSYLVANIA AVE,
5505 VALMONT RD 214,5377 MARSHALL RD,
5505 VALMONT RD 247,538 W SYCAMORE CIR,
5505 VALMONT RD 253,54 PLACER AVE,
5505 VALMONT RD 283,540 S 46TH ST,
5505 VALMONT RD 43,541 ARAPAHOE AVE,
5510 STONEWALL PL 15,541 W CEDAR PL,
5517 SAINT VRAIN RD,543 LINDEN PARK DR,
552 BLACK HAWK ROAD BOULDER,5444 MARSHALL RD,
552 HILLTOP STREET LONGMONT,545 JEFFERSON AVE,
5524 LA PLATA CIRCLE UNINCORPORATED,5451 WHITE PL,
5535 STONEWALL PLACE BOULDER,5457 BLACKHAWK RD,
5540 STONEWALL PL 24,5459 ILLINI WAY,
555 MOUNT EVANS STREET LONGMONT,5462 PUEBLO PL,
555 N 111TH STREET LAFAYETTE,548 ALPINE ST,
555 QUAIL CIRCLE BOULDER,5489 SENECA PL,
555 S 42ND STREET BOULDER,549 LINDEN PARK DR,
5555 N 115TH STREET UNINCORPORATED,549 PARBOIS LN,
5564 BOWRON PLACE UNINCORPORATED,55 ELDORADO SPRINGS DR,
560 S 43RD STREET BOULDER,5505 VALMONT RD 204,
5610 BASELINE RD LLC ,5505 VALMONT RD 210,
5639 JUHLS DRIVE UNINCORPORATED,5505 VALMONT RD 212,
566 JUNIPER CT,5505 VALMONT RD 214,
568 14TH STREET BOULDER,5505 VALMONT RD 247,
5688 N 71ST STREET UNINCORPORATED,5505 VALMONT RD 253,
569 W BEECH PLACE LOUISVILLE,5505 VALMONT RD 283,
57 ARTESIAN DRIVE UNINCORPORATED,5505 VALMONT RD 43,
5708 TABLE TOP COURT BOULDER,5510 STONEWALL PL 15,
573 WEST STREET LOUISVILLE,5517 SAINT VRAIN RD,
575 EUCLID AVENUE BOULDER,552 BLACKHAWK RD,
5775 JAY ROAD UNINCORPORATED,552 HILLTOP ST,
580 IRIS AVENUE BOULDER,5524 LA PLATA CIR,
59 PIMA COURT BOULDER,5535 STONEWALL PL,
590 W OWL DRIVE LOUISVILLE,5540 STONEWALL PL 12,
5900 GUNBARREL AVE F,5540 STONEWALL PL 15,
5901 LEFTHAND CANYON DRIVE UNINCORPORATED,5540 STONEWALL PL 24,
5906 GUNBARREL AVENUE UNIT A UNINCORPORATED,555 MOUNT EVANS ST,
5910 GUNBARREL AVE C,555 NORTHSTAR CT,
5924 GUNBARREL AVE D,555 QUAIL CIR,
593 S BERMONT AVENUE LAFAYETTE,555 S 42ND ST,
5930 GUNBARREL AVE B,5555 NELSON RD,
5941 MARSHALL DRIVE UNINCORPORATED,5564 BOWRON PL,
5948 GUNBARREL AVE B,560 S 43RD ST,
595 BASELINE ROAD BOULDER,5610 BASELINE RD,
595 EUCLID AVENUE BOULDER,5639 JUHLS DR,
5950 GUNBARREL AVE B,566 JUNIPER CT,
5955 BASELINE ROAD BOULDER,568 14TH ST,
597 RAWLINS WAY LAFAYETTE,5688 N 71ST ST,
60 BAYLOR DRIVE LONGMONT,569 W BEECH PL,
600 MANHATTAN DR D7,57 ARTESIAN DR,
600 MANHATTAN DRIVE UNIT 10A BOULDER,5708 TABLE TOP CT,
600 MANHATTAN DRIVE UNIT 13A BOULDER,573 WEST ST,
600 N BERMONT STREET LAFAYETTE,575 EUCLID AVE,
600 VALLEY LN,5775 JAY RD,
601 AVANTE COURT LAFAYETTE,580 IRIS AVE,
602 E CLEVELAND STREET LAFAYETTE,59 PIMA CT,
6033 VALMONT ROAD UNINCORPORATED,590 OWL DR,
605 HAWTHORN AVENUE BOULDER,5900 GUNBARREL AVE F,
6054 GUNBARREL AVENUE UNIT A UNINCORPORATED,5901 LEFTHAND CANYON DR,
607 KIMBARK STREET LONGMONT,5906 GUNBARREL AVE,
6076 GUNBARREL AVE C,5910 GUNBARREL AVE C,
6076 GUNBARREL AVE D,5924 GUNBARREL AVE C,
6079 SIMMONS DRIVE LLC ,5924 GUNBARREL AVE D,
6112 HABITAT DR 2,593 S BERMONT AVE,
612 ALPINE AVE 1,5930 GUNBARREL AVE B,
612 MOUNTAIN VIEW AVENUE LONGMONT,5941 MARSHALL DR,
6128 HABITAT DR 2,5948 GUNBARREL AVE B,
613 PINE STREET BOULDER,595 BASELINE RD,
613 QUEBEC AVENUE LONGMONT,595 EUCLID AVE,
6131 N 107TH STREET UNINCORPORATED,5950 GUNBARREL AVE B,
6138 SIMMONS DRIVE UNINCORPORATED,5955 BASELINE RD,
6144 BRIGADOON DRIVE UNINCORPORATED,597 RUDI LN,
615 DEWEY AVENUE BOULDER,60 BAYLOR DR,
615 N BESHEAR COURT ERIE,60 BENTHAVEN PL,
6152 OLDE STAGE ROAD UNINCORPORATED,600 MANHATTAN DR A10,
6166 WILLOW LN,600 MANHATTAN DR A13,
617 BARBERRY DRIVE LONGMONT,600 MANHATTAN DR D7,
617 GAY STREET LONGMONT,600 NORTHSTAR CT,
617 JEFFERSON AVENUE LOUISVILLE,600 S PEAK TO PEAK HWY,
6182 HABITAT DRIVE UNINCORPORATED,600 VALLEY LN,
6186 GALE DRIVE UNINCORPORATED,601 AVANTE CT,
619 E EMMA STREET LAFAYETTE,602 E CLEVELAND ST,
619 PLEASANT ST B,6033 VALMONT RD,
6196 RED HILL ROAD UNINCORPORATED,605 HAWTHORN AVE,
620 10TH AVENUE LONGMONT,6054 GUNBARREL AVE,
620 GLENWOOD DRIVE LAFAYETTE,607 KIMBARK ST,
620 PEARL STREET UNIT A BOULDER,6076 GUNBARREL AVE C,
620 S 40TH STREET BOULDER,6076 GUNBARREL AVE D,
6204 OLD BROMPTON ROAD UNINCORPORATED,6079 SIMMONS DR,
623 INDEPENDENCE DRIVE LONGMONT,6112 HABITAT DR 2,
6233 WILLOW LANE UNINCORPORATED,6118 HABITAT DR 2,
6235 LAODICEA ROAD UNINCORPORATED,612 ALPINE AVE 1,
624 CONCORD AVENUE BOULDER,612 MOUNTAIN VIEW AVE,
624 PEARL ST 206,6128 HABITAT DR 2,
6241 WILLOW LN,613 PINE ST,
625 14TH STREET BOULDER,613 QUEBEC AVE,
625 W PINE STREET NEDERLAND,6131 N 107TH ST,
627 TERRY STREET LONGMONT,6138 SIMMONS DR,
628 PLEASANT STREET BOULDER,6144 BRIGADOON CT,
629 KIMBARK STREET LONGMONT,615 DEWEY AVE,
629 QUINCE CIRCLE BOULDER,615 NORTHSTAR CT,
6292 ARAPAHOE ROAD UNINCORPORATED,6152 OLDE STAGE RD,
630 COPPERDALE LANE UNINCORPORATED,6166 WILLOW LN,
630 PINE STREET BOULDER,617 BROSS ST,
630 SPRUCE STREET BOULDER,617 GAY ST,
6301 MONARCH ROAD UNINCORPORATED,617 JEFFERSON AVE,
6306 SUNSHINE CANYON DRIVE UNINCORPORATED,6182 HABITAT DR,
633 FURMAN WAY BOULDER,6186 GALE DR,
635 N CEDAR BROOK ROAD UNINCORPORATED,619 E EMMA ST,
636 SPRUCE STREET BOULDER,619 PLEASANT ST B,
637 PINE STREET BOULDER,6196 RED HILL RD,
6397 CLEARVIEW ROAD UNINCORPORATED,620 13TH ST,
640 GOSS DRIVE LONGMONT,620 GLENWOOD DR,
644 SPRUCE STREET BOULDER,620 PEARL ST A,
645 S 44TH STREET BOULDER,620 S 45TH ST,
6465 RED HILL ROAD UNINCORPORATED,6204 OLD BROMPTON RD,
6476 EAGLE COURT UNINCORPORATED,623 INDEPENDENCE DR,
648 WADE ROAD LONGMONT,6233 WILLOW LN,
649 QUINCE CIRCLE BOULDER,6235 LAODICEA RD,
651 HILLTOP STREET LONGMONT,624 CONCORD AVE,
651 POORMAN ROAD UNINCORPORATED,624 PEARL ST 206,
6518 BARNACLE STREET UNINCORPORATED,6241 WILLOW LN,
652 W LILAC COURT LOUISVILLE,625 14TH ST,
6545 KALUA RD 102D,625 MANHATTAN PL 108,
657 W SANDBAR CIRCLE LOUISVILLE,625 W PINE ST,
6626 APACHE CT,627 TERRY ST,
6648 KALUA RD,628 PLEASANT ST,
665 MANHATTAN DR 108,629 KIMBARK ST,
67 FLOWER LN,629 QUINCE CIR,
675 ITHACA DRIVE BOULDER,6292 ARAPAHOE RD 25,
6755 HARVEST ROAD BOULDER,630 COPPERDALE LN,
6783 JAY ROAD UNINCORPORATED,630 GAY ST,
6848 GOLDBRANCH DRIVE UNINCORPORATED,630 PINE ST,
6880 LEFTHAND CANYON DRIVE UNINCORPORATED,630 SPRUCE ST,
689 QUINCE CIRCLE BOULDER,6301 MONARCH RD,
69 BALDWIN CIRCLE UNINCORPORATED,6306 SUNSHINE CANYON DR,
6902 FRYING PAN ROAD UNINCORPORATED,633 FURMAN WAY,
693 SIR GALAHAD DRIVE LAFAYETTE,635 NORTHSTAR CT,
6932 CORDWOOD COURT UNINCORPORATED,636 SPRUCE ST,
695 MANHATTAN DRIVE UNIT 10 BOULDER,637 PINE ST,
6980 NIWOT SQUARE DRIVE UNINCORPORATED,6397 CLEARVIEW RD,
6988 INDIAN PEAKS TRL,640 GOSS DR,
70 ARTESIAN DRIVE UNINCORPORATED,644 SPRUCE ST,
70 S 31ST LLC ,645 S 44TH ST,
70 S BOULDER CIR 7011,6465 RED HILL RD,
70 S BOULDER CIR 7013,6476 EAGLE CT,
70 TIMBER TRAIL UNINCORPORATED,648 WADE RD,
700 BARBERRY CIRCLE LAFAYETTE,649 QUINCE CIR,
700 MARTIN ST B,651 HILLTOP ST,
701 EUCLID AVENUE BOULDER,651 POORMAN RD,
7017 ROARING FORK TRAIL UNINCORPORATED,6518 BARNACLE ST,
702 W CLEVELAND CIRCLE LAFAYETTE,652 W LILAC CT,
703 ARROW COURT LAFAYETTE,6545 KALUA RD 102D,
703 S MILLER AVENUE LAFAYETTE,657 W SANDBAR CIR,
704 BROOKLAWN DRIVE BOULDER,6626 APACHE CT,
705 DOVE DRIVE LAFAYETTE,6648 KALUA RD,
705 GILLASPIE DRIVE BOULDER,665 MANHATTAN DR 108,
705 INDEPENDENCE DRIVE LONGMONT,665 MANHATTAN DR 206,
705 IRIS AVENUE BOULDER,67 FLOWER LN,
705 NELSON PARK CIRCLE LONGMONT,675 ITHACA DR,
705 UTICA AVENUE BOULDER,6755 HARVEST RD,
706 CAMERON LANE LONGMONT,6783 JAY RD,
706 MEEKER STREET LONGMONT,6848 GOLDBRANCH DR,
706 RIDER RIDGE DRIVE UNIT ** LONGMONT,6880 LEFTHAND CANYON DR,
706 SEDGE WAY LAFAYETTE,689 QUINCE CIR,
7068 SYLVAN STREET UNINCORPORATED,69 BARKER RD,
707 LONGS PEAK LANE LONGMONT,6902 FRYING PAN RD,
707 SEDGE WAY LAFAYETTE,693 SIR GALAHAD DR,
707 TUNNEL 19 ROAD UNINCORPORATED,6932 CORDWOOD CT,
709 ARROW COURT LAFAYETTE,695 MANHATTAN DR 201,
709 BASELINE ROAD BOULDER,6980 NIWOT SQ,
709 GOSS DRIVE LONGMONT,6988 INDIAN PEAKS TRL,
709 QUAIL DRIVE LAFAYETTE,70 ARTESIAN DR,
71 CLIFFHANGER DRIVE UNINCORPORATED,70 S 31ST ST,
710 19TH STREET BOULDER,70 S BOULDER CIR 7011,
710 38TH STREET BOULDER,70 S BOULDER CIR 7013,
710 MARTIN STREET LONGMONT,70 TIMBER TRL,
710 RIDER RIDGE PLACE LONGMONT,700 BUSCH ST,
7105 CEDARWOOD CIRCLE UNINCORPORATED,700 MARTIN ST B,
711 6TH STREET BOULDER,701 EUCLID AVE,
7111 CEDARWOOD CIRCLE UNINCORPORATED,7017 ROARING FORK TRL,
712 HAYDEN COURT LONGMONT,702 W CLEVELAND CIR,
712 LOCUST AVENUE BOULDER,703 ARROW CT,
712 PINE STREET BOULDER,703 S MILLER AVE,
712 REES COURT LONGMONT,704 BROOKLAWN DR,
7126 FOUR RIVERS ROAD UNINCORPORATED,705 DOVE DR,
7129 FOUR RIVERS ROAD UNINCORPORATED,705 GILLASPIE DR,
714 W CLEVELAND CIRCLE LAFAYETTE,705 INDEPENDENCE DR,
7145 CEDARWOOD CIRCLE UNINCORPORATED,705 IRIS AVE,
715 32ND STREET BOULDER,705 NORTH ST,
715 33RD STREET BOULDER,705 UTICA AVE,
715 AVALON AVENUE LAFAYETTE,706 CAMERON LN,
715 GOOSEBERRY COURT LAFAYETTE,706 MEEKER ST,
715 S 41ST STREET BOULDER,706 RIVERSIDE DR,
715 S LONGMONT AVENUE LAFAYETTE,706 SEDGE WAY,
715 SUMNER STREET LONGMONT,7068 SYLVAN ST,
7157 PETURSDALE COURT UNINCORPORATED,707 LONGS PEAK LN,
717 DOVE DRIVE LAFAYETTE,707 SEDGE WAY,
7182 N 83RD STREET UNINCORPORATED,707 TUNNEL 19 RD,
719 DARBY COURT LLC ,709 ARROW CT,
719 LONGS PEAK LANE LONGMONT,709 BUNTING DR,
719 SUMNER STREET LONGMONT,709 GOSS DR,
7194 RUSTIC TRAIL UNINCORPORATED,709 QUAIL DR,
7196 MOUNT MEEKER ROAD UNINCORPORATED,71 CLIFFHANGER DR,
720 NELSON PARK CIRCLE LONGMONT,710 19TH ST,
720 OWL DRIVE LOUISVILLE,710 38TH ST,
720 PINE NEEDLE LANE LOUISVILLE,710 MARTIN ST,
720 S 41ST STREET BOULDER,710 RIVERSIDE DR,
721 15TH AVENUE LONGMONT,7105 CEDARWOOD CIR,
722 CARIBOU ROAD UNINCORPORATED,711 6TH ST,
722 PINE STREET LOUISVILLE,7111 CEDARWOOD CIR,
7249 SPRING DRIVE UNINCORPORATED,712 HAYDEN CT,
725 KEN PRATT BOULEVARD LONGMONT,712 LOCUST AVE,
725 LONGS PEAK LANE LONGMONT,712 PINE ST,
726 CARDINAL DRIVE UNIT 726 LAFAYETTE,712 RIVERSIDE DR,
727 QUINCE CIRCLE BOULDER,7126 FOUR RIVERS RD,
7277 MOUNT SHERMAN ROAD UNINCORPORATED,7129 FOUR RIVERS RD,
728 MOUNT EVANS STREET LONGMONT,714 W CLEVELAND CIR,
7280 GLACIER VIEW RD,7145 CEDARWOOD CIR,
73 MINEOLA COURT BOULDER,715 32ND ST,
730 38TH STREET BOULDER,715 33RD ST,
730 39TH STREET BOULDER,715 AVALON AVE,
730 ALPINE AVENUE BOULDER,715 GOOSEBERRY CT,
730 ATWOOD STREET LONGMONT,715 S 41ST ST,
730 ELLIOTT STREET LONGMONT,715 S LONGMONT AVE,
730 JULIAN CIRCLE LAFAYETTE,715 SUMNER ST,
730 KIMBARK STREET LONGMONT,7157 PETURSDALE CT,
730 LINCOLN PLACE BOULDER,717 DOVE DR,
730 NIGHTHAWK CIRCLE LOUISVILLE,7182 N 83RD ST,
730 S 46TH STREET BOULDER,719 DARBY CT,
7308 DRY CREEK ROAD UNINCORPORATED,719 LONGS PEAK LN,
733 SUNSET STREET LONGMONT,719 SUMNER ST,
735 JONQUIL PLACE BOULDER,7194 RUSTIC TRL,
736 ATWOOD STREET LONGMONT,7196 MOUNT MEEKER RD,
736 JAMES STREET LONGMONT,720 NUGGET HILL RD,
736 JULIAN CIRCLE LAFAYETTE,720 OWL DR,
737 W RAINTREE COURT LOUISVILLE,720 PINE ST,
738 S BOWEN STREET LONGMONT,720 S 41ST ST,
7380 CRANNELL DRIVE UNINCORPORATED,721 15TH AVE,
7387 GLACIER VIEW ROAD UNINCORPORATED,722 CARIBOU RD,
740 30TH STREET BOULDER,722 PINE ST,
740 36TH STREET BOULDER,7249 SPRING DR,
740 SHALLOT CIRCLE LAFAYETTE,725 KEN PRATT BLVD,
7410 SINGING HILLS COURT UNINCORPORATED,725 LONGS PEAK LN,
7415 PARK CIRCLE UNINCORPORATED,726 CARDINAL DR,
7423 SINGING HILLS DR D205,727 QUINCE CIR,
7439 MOUNT MEEKER ROAD UNINCORPORATED,7277 MOUNT SHERMAN RD,
744 COLLYER STREET LONGMONT,728 MOUNT EVANS ST,
7445 PARK CIRCLE UNINCORPORATED,7280 GLACIER VIEW RD,
7448 SINGING HILLS COURT UNINCORPORATED,73 MINEOLA CT,
745 ARAPAHOE AVE 102,730 38TH ST,
745 ARAPAHOE AVE 103,730 39TH ST,
745 N CEDAR BROOK ROAD UNINCORPORATED,730 ALPINE AVE,
745 THOMAS DR 14,730 ATWOOD ST,
745 THOMAS DR 16,730 ELLIOTT ST,
745 THOMAS DR 2,730 JULIAN CIR,
746 EMERY STREET LONGMONT,730 KIMBARK ST,
746 W SIMPSON PL,730 LINCOLN PL,
7466 SINGING HILLS COURT UNINCORPORATED,730 NORTH ST,
7474 SINGING HILLS CT A201,730 S 46TH ST,
748 9TH STREET BOULDER,7308 DRY CREEK RD,
7480 SINGING HILLS COURT UNINCORPORATED,733 SUNSET ST,
7486 SINGING HILLS DRIVE UNINCORPORATED,735 JONQUIL PL,
7488 OLD MILL TRAIL UNINCORPORATED,736 ATWOOD ST,
749 15TH STREET BOULDER,736 JAMES ST,
7493 SINGING HILLS DRIVE UNINCORPORATED,736 JULIAN CIR,
750 6TH STREET BOULDER,737 W RAINTREE CT,
750 KUBAT LANE LONGMONT,738 S BOWEN ST,
750 LINCOLN PLACE BOULDER,7380 CRANNELL DR,
7509 PANORAMA DRIVE UNINCORPORATED,7387 GLACIER VIEW RD,
751 10TH STREET BOULDER,740 30TH ST,
751 CRESCENT DRIVE BOULDER,740 36TH ST,
751 W 4TH STREET NEDERLAND,740 SHALLOT CIR,
751 W GRANGE CT,7410 SINGING HILLS CT,
7513 W COAL CREEK DR,7415 PARK CIR,
752 W SIMPSON DRIVE LAFAYETTE,7423 SINGING HILLS DR D205,
7522 MONARCH RD,7439 MOUNT MEEKER RD,
755 GRANT PLACE BOULDER,744 COLLYER ST,
756 W SIMPSON DRIVE LAFAYETTE,7445 PARK CIR,
7560 MONARCH ROAD UNINCORPORATED,7448 SINGING HILLS CT,
757 W CLEVELAND CIRCLE LAFAYETTE,745 ARAPAHOE AVE 102,
7579 PANORAMA DRIVE UNINCORPORATED,745 ARAPAHOE AVE 103,
758 KUBAT LN,745 N CEDAR BROOK RD,
760 S 41ST STREET BOULDER,745 THOMAS DR 14,
761 W BIRCH COURT LOUISVILLE,745 THOMAS DR 16,
7648 ARAPAHOE ROAD UNINCORPORATED,745 THOMAS DR 19,
765 KLONDIKE AVE,745 THOMAS DR 2,
765 S 46TH STREET BOULDER,746 EMERY ST,
766 JULIAN CIRCLE LAFAYETTE,746 W SIMPSON PL,
768 COTTAGE LN,7466 SINGING HILLS CT,
7688 ESTATE CIRCLE UNINCORPORATED,7474 SINGING HILLS CT A201,
7694 N 63RD STREET UNINCORPORATED,748 9TH ST,
770 CIRCLE DRIVE BOULDER,7480 SINGING HILLS CT,
770 MORGAN DRIVE BOULDER,7486 SINGING HILLS DR,
770 WALNUT STREET UNIT A BOULDER,7488 OLD MILL TRL,
771 ITHACA DRIVE BOULDER,749 15TH ST,
7737 VALMONT RD,7493 SINGING HILLS DR,
774 REES COURT LONGMONT,750 6TH ST,
7746 ARLINGTON DRIVE UNINCORPORATED,750 KUBAT LN,
7755 MANILA PLACE UNINCORPORATED,750 LINCOLN PL,
7758 DEVONSHIRE WAY UNINCORPORATED,7509 PANORAMA DR,
778 W CLEVELAND CIRCLE LAFAYETTE,751 10TH ST,
778 W FIR COURT LOUISVILLE,751 CRESCENT DR,
779 16TH STREET BOULDER,751 W 4TH ST 4,
780 TOEDTLI DRIVE BOULDER,751 W GRANGE CT,
780 W MOORHEAD CIRCLE UNIT A BOULDER,7513 W COAL CREEK DR,
7833 OVERLAND RD,752 SIMPSON DR,
7845 BASELINE ROAD UNINCORPORATED,7522 MONARCH RD,
785 31ST STREET BOULDER,755 GRANT PL,
785 32ND STREET BOULDER,756 SIMPSON DR,
787 RACQUET LANE BOULDER,7560 MONARCH RD,
790 NEWLAND CT,757 W CLEVELAND CIR,
790 NORTHSTAR CT,7579 PANORAMA DR,
790 W MOORHEAD CIR B,758 KUBAT LN,
7911 COUNTRYSIDE DR 139,760 S 41ST ST,
7923 GRASMERE DRIVE UNINCORPORATED,761 W BIRCH CT,
7926 BROOK HOLLOW COURT UNINCORPORATED,7648 ARAPAHOE RD,
8 BLUE SPRUCE DRIVE NEDERLAND,765 KLONDIKE AVE,
800 S 68TH STREET UNINCORPORATED,765 S 46TH ST,
8002 ARAPAHOE ROAD UNINCORPORATED,766 JULIAN CIR,
801 BAKER STREET LONGMONT,768 COTTAGE LN,
8013 MEADOWLAKE RD,7688 ESTATE CIR,
802 QUAIL COVE LAFAYETTE,7694 N 63RD ST,
804 WALNUT STREET LOUISVILLE,770 CIRCLE DR,
805 29TH STREET 152 LLC,770 MORGAN DR,
805 29TH STREET 306 LLC,770 WALNUT ST D,
805 HERMES CIRCLE LAFAYETTE,771 ITHACA DR,
805 MORGAN DRIVE BOULDER,7737 VALMONT RD,
805 N 95TH STREET UNINCORPORATED,774 REES CT,
8050 NIWOT RD 20,7746 ARLINGTON DR,
8050 NIWOT RD 30,7755 MANILA PL,
8050 NIWOT RD 4,7758 DEVONSHIRE WAY,
8050 NIWOT RD 51,778 W CLEVELAND CIR,
8050 NIWOT RD 7,778 W FIR CT,
806 29TH STREET 158 LLC,779 16TH ST,
806 29TH STREET 251 LLC,780 TOEDTLI DR,
806 RIVERSIDE DRIVE UNINCORPORATED,780 W MOORHEAD CIR F,
806 SEDGE WAY LAFAYETTE,7833 OVERLAND RD,
806 SPRUCE STREET BOULDER,7845 BASELINE RD,
8060 NIWOT ROAD 65E LLC ,785 31ST ST,
8065 HYGIENE RD,785 32ND ST,
807 29TH STREET 358 LLC,787 RACQUET LN,
807 29TH STREET 404 LLC,790 NEWLAND CT,
808 29TH STREET 412 LLC,790 NORTHSTAR CT,
808 29TH STREET 507 LLC,790 W MOORHEAD CIR B,
808 PINE STREET BOULDER,7911 COUNTRYSIDE DR 139,
809 29TH STREET 460 LLC,7923 GRASMERE DR,
809 29TH STREET 557 LLC,7926 BROOK HOLLOW CT,
809 ACADIA AVENUE LAFAYETTE,8 BLUE SPRUCE DR,
809 GLENWOOD DRIVE LAFAYETTE,800 S 68TH ST,
8098 DRY CREEK CIRCLE UNINCORPORATED,8002 ARAPAHOE RD,
810 E BASELINE ROAD UNIT 5 LAFAYETTE,801 BOWEN ST,
810 E BASELINE ROAD UNIT 6 LAFAYETTE,8013 MEADOWLAKE RD,
8104 LEFTHAND CANYON DRIVE UNINCORPORATED,802 QUAIL CV,
8121 MEADOWDALE COURT UNINCORPORATED,804 WALNUT ST,
813 VIVIAN STREET LONGMONT,805 29TH ST 152,
815 34TH STREET BOULDER,805 29TH ST 158,
815 ALPINE AVENUE UNIT 1 BOULDER,805 29TH ST 251,
816 10TH STREET BOULDER,805 29TH ST 306,
816 GRANT STREET LONGMONT,805 29TH ST 359,
817 19TH STREET BOULDER,805 29TH ST 404,
818 11TH STREET BOULDER,805 29TH ST 412,
820 JEFFERSON AVENUE LOUISVILLE,805 29TH ST 460,
8215 N 63RD STREET UNINCORPORATED,805 29TH ST 507,
824 LA FARGE AVENUE LOUISVILLE,805 29TH ST 557,
825 34TH STREET BOULDER,805 HERMES CIR,
825 SPRUCE STREET BOULDER,805 MORGAN DR,
827 MAXWELL AVENUE UNIT A BOULDER,805 NORTH ST,
827 S GAY STREET LONGMONT,8050 NIWOT RD 20,
830 20TH STREET 312 LLC ,8050 NIWOT RD 30,
830 EMERY STREET LONGMONT,8050 NIWOT RD 4,
830 MEEKER STREET LONGMONT,8050 NIWOT RD 51,
831 17TH AVE 11,8050 NIWOT RD 7,
833 BAKER STREET LONGMONT,806 ROBIN CV,
8330 LARKSPUR ROAD UNINCORPORATED,806 SEDGE WAY,
834 GAY STREET LONGMONT,806 SPRUCE ST,
8343 GREENWOOD DRIVE UNINCORPORATED,8060 NIWOT RD 46,
835 UNION AVENUE BOULDER,8065 HYGIENE RD,
836 WALNUT STREET UNIT A BOULDER,808 PINE ST,
8362 GREENWOOD DRIVE UNINCORPORATED,809 ACADIA AVE,
838 W LINDEN STREET LOUISVILLE,809 GLENWOOD DR,
839 SUMNER STREET LONGMONT,8098 DRY CREEK CIR,
839 TRAIL RIDGE DRIVE LOUISVILLE,810 E BASELINE RD 5,
8390 PAWNEE LANE UNINCORPORATED,810 E BASELINE RD 6,
84 21ST AVENUE LONGMONT,8104 LEFTHAND CANYON DR,
840 FAITH COURT LONGMONT,8121 MEADOWDALE CT,
840 WILLOWBROOK RD,813 VIVIAN ST,
8400 MIDDLE FORK ROAD UNINCORPORATED,815 34TH ST,
841 BAKER STREET LONGMONT,815 ALPINE AVE 4,
841 CRISMAN DRIVE UNIT 1 LONGMONT,816 10TH ST,
841 QUEBEC AVENUE LONGMONT,816 GRANT ST,
8433 MIDDLE CREST ROAD UNINCORPORATED,817 19TH ST,
844 BAKER STREET LONGMONT,818 11TH ST,
844 HUBBARD DRIVE LONGMONT,820 JEFFERSON AVE,
845 MOHAWK DRIVE BOULDER,8215 N 63RD ST,
845 S GAY STREET LONGMONT,824 LA FARGE AVE,
8451 PEAK TO PEAK HWY 7,825 34TH ST,
846 COLLYER STREET LONGMONT,825 SPRUCE ST,
8464 W FORK RD,827 MAXWELL AVE A,
848 HUBBARD DRIVE LONGMONT,827 S GAY ST,
849 S BROSS STREET LONGMONT,830 20TH ST 201,
85 BARCELONA DRIVE UNINCORPORATED,830 EMERY ST,
85 HURON COURT BOULDER,830 MEEKER ST,
850 20TH STREET UNIT 302 BOULDER,831 17TH AVE 11,
850 20TH STREET UNIT 304 BOULDER,833 BAKER ST,
850 S LASHLEY LANE BOULDER,8330 LARKSPUR RD,
851 17TH STREET SUB - BO,834 GAY ST,
855 33RD STREET BOULDER,8343 GREENWOOD DR,
8561 BRIDLE COURT UNINCORPORATED,835 UNION AVE,
8590 N 39TH STREET UNINCORPORATED,836 WALNUT ST,
8610 N 87TH STREET UNINCORPORATED,836 WALNUT ST D,
865 8TH STREET BOULDER,8362 GREENWOOD DR,
865 DELPHI DRIVE LAFAYETTE,838 W LINDEN ST,
865 HERMES CIRCLE LAFAYETTE,839 SUMNER ST,
870 12TH ST,839 TRAIL RIDGE DR,
870 15TH ST,8390 PAWNEE LN,
870 34TH STREET BOULDER,84 21ST AVE,
870 S LASHLEY LANE BOULDER,840 FAITH CT,
8700 N 105TH STREET UNINCORPORATED,840 WILLOWBROOK RD,
872 S BERMONT AVENUE LAFAYETTE,8400 MIDDLE FORK RD,
873 TIMBER LANE UNINCORPORATED,841 BROSS ST,
877 LINCOLN PLACE BOULDER,841 CRISMAN DR 4,
8789 ELGIN DRIVE UNINCORPORATED,841 QUEBEC AVE,
88 RIDGEVIEW LANE UNINCORPORATED,8433 MIDDLE CREST RD,
885 WAITE DRIVE BOULDER,844 BAKER ST,
888 RACQUET LANE BOULDER,844 HUBBARD DR,
889 14TH STREET BOULDER,845 MOHAWK DR,
889 ELLIOTT STREET LONGMONT,845 S GAY ST,
8940 TAHOE LANE UNINCORPORATED,8451 PEAK TO PEAK HWY 7,
895 33RD STREET BOULDER,846 COLLYER ST,
8963 AUDUBON CT,8464 W FORK RD,
8971 FOURMILE CANYON DRIVE UNINCORPORATED,848 HUBBARD DR,
90 W BOULDER STREET NEDERLAND,849 S BROSS ST,
900 MOUNTAIN VIEW AVENUE LONGMONT,85 BUCKNELL CT,
900 PINE CONE ** UNINCORPORATED,85 HURON CT,
900 PORTLAND PLACE BOULDER,850 20TH ST 302,
901 TEMPTED WAYS DRIVE LONGMONT,850 20TH ST 304,
903 18TH STREET UNIT 203 BOULDER,850 S LASHLEY LN,
903 18TH STREET UNIT 301 BOULDER,851 16TH ST A,
904 MARMOT CT,855 33RD ST,
904 VETCH CIRCLE LAFAYETTE,8561 BRIDLE CT,
905 GRANDVIEW AVENUE BOULDER,8590 N 39TH ST,
905 MARMOT CT,8610 N 87TH ST,
905 PENNSYLVANIA AVENUE BOULDER,865 8TH ST,
905 SAINT ANDREWS LN,865 DELPHI DR,
906 GLENWOOD DRIVE LAFAYETTE,865 HERMES CIR,
906 STEIN STREET LAFAYETTE,870 12TH ST,
907 TIMBER CT,870 15TH ST,
907 YUCCA COURT LONGMONT,870 34TH ST,
908 TROY STREET LAFAYETTE,870 S LASHLEY LN,
909 QUARTZ COURT LONGMONT,8700 N 87TH ST,
910 PORTLAND PL 11,872 S BERMONT AVE,
910 PORTLAND PL 12,873 TIMBER LN,
910 PORTLAND PL 13,877 LINCOLN PL,
910 PORTLAND PL 23,8789 ELGIN DR,
910 PORTLAND PLACE BOULDER,88 RIDGEVIEW LN,
911 HARRISON DRIVE LAFAYETTE,885 WAITE DR,
912 KIMBARK STREET LONGMONT,888 ROCKWAY PL,
912 S BROSS STREET LONGMONT,889 14TH ST,
913 ALTA STREET LONGMONT,889 ELLIOTT ST,
914 5TH AVENUE LONGMONT,8940 TAHOE LN,
9144 ROGERS ROAD UNINCORPORATED,895 33RD ST,
916 TULIP STREET LONGMONT,8963 AUDUBON CT,
917 HARRISON DRIVE LAFAYETTE,8971 FOURMILE CANYON DR,
9179 ALJAN DR,90 W BOULDER ST,
918 PINON COURT LONGMONT,900 MOUNTAIN VIEW AVE 212,
9188 JOTIPA DRIVE UNINCORPORATED,900 PINE ST,
919 21ST AVENUE LONGMONT,900 PORTLAND PL,
9198 JOTIPA DRIVE UNINCORPORATED,901 TEMPTED WAYS DR,
920 SUNFLOWER STREET LOUISVILLE,903 18TH ST 203,
921 HOMER CIRCLE LAFAYETTE,903 18TH ST 301,
922 HERMAN PLACE LONGMONT,904 MARMOT CT,
922 S COFFMAN STREET LONGMONT,904 VETCH CIR,
923 SAINT ANDREWS LN,905 GRANDVIEW AVE,
923 TERRY STREET LONGMONT,905 MARMOT CT,
924 E 4TH AVENUE LONGMONT,905 PENNSYLVANIA AVE,
9248 HILLS VIEW DRIVE UNINCORPORATED,905 SAINT ANDREWS LN,
925 E 5TH AVENUE LONGMONT,906 GLENWOOD DR,
927 E 4TH AVENUE LONGMONT,906 STEIN ST,
928 LA FARGE AVENUE LOUISVILLE,907 TIMBER CT,
928 MARMOT CT,907 YUCCA CT,
929 ALTA STREET LONGMONT,908 TROY ST,
93 CEDAR DRIVE UNINCORPORATED,909 QUARTZ CT,
93 PINE NEEDLE ROAD UNINCORPORATED,910 PORTLAND PL 11,
930 VENICE STREET LONGMONT,910 PORTLAND PL 12,
933 E 4TH AVENUE LONGMONT,910 PORTLAND PL 13,
933 UNIVERSITY AVENUE BOULDER,910 PORTLAND PL 17,
935 VENICE STREET LONGMONT,910 PORTLAND PL 23,
936 LA FARGE AVENUE LOUISVILLE,910 PORTLAND PL 3,
936 MAPLETON AVENUE BOULDER,911 HARRISON DR,
939 ALTA STREET LONGMONT,912 KIMBARK ST,
939 BLUE SPRUCE COURT LONGMONT,912 S BROSS ST,
939 BROSS STREET,913 ALTA ST,
940 10TH STREET BOULDER,914 5TH AVE,
940 COLUMBIA PLACE UNINCORPORATED,9144 ROGERS RD,
940 TERRY STREET LONGMONT,916 TULIP ST,
941 W MAPLE COURT LOUISVILLE,917 HARRISON DR,
942 WARREN CT,9179 ALJAN DR,
943 10TH STREET BOULDER,918 PINON CT,
943 SUNSET STREET LONGMONT,9188 JOTIPA DR,
943 TERRY STREET LONGMONT,919 21ST AVE,
945 KLONDIKE AVE,9198 JOTIPA DR,
946 PORTLAND PLACE BOULDER,920 SUNFLOWER ST,
946 SPRUCE STREET BOULDER,921 HOMER CIR,
947 MALORY STREET LAFAYETTE,922 HERMAN PL,
947 PRATT STREET LONGMONT,922 S COFFMAN ST,
948 NORTH STREET UNIT 10 BOULDER,923 SAINT ANDREWS LN,
948 NORTH STREET UNIT 11 BOULDER,923 TERRY ST,
949 GRANITE COURT LONGMONT,924 E 4TH AVE,
950 HOMER CIRCLE LAFAYETTE,9248 HILLS VIEW DR,
951 17TH AVENUE 103 BOULDER,925 E 5TH AVE,
951 17TH AVENUE 74 BOULDER,927 E 4TH AVE,
951 17TH AVENUE 76 BOULDER,928 LILAC ST,
951 17TH AVENUE 88 BOULDER,928 MARMOT CT,
955 35TH STREET BOULDER,929 ALTA ST,
955 UNIVERSITY AVENUE BOULDER,93 CEDAR DR,
955 W PLUM CIRCLE LOUISVILLE,93 PINE NEEDLE RD,
956 MILO CIR A,930 VENICE ST,
956 W MAPLE COURT LOUISVILLE,933 E 4TH AVE,
96 ARTESIAN DRIVE UNINCORPORATED,933 UNIVERSITY AVE,
960 10TH STREET BOULDER,935 VENICE ST,
960 ELDORADO AVENUE UNINCORPORATED,936 LA FARGE AVE,
961 11TH STREET BOULDER,936 MAPLETON AVE,
961 15TH STREET BOULDER,939 ALTA ST,
961 GRANDVIEW AVENUE BOULDER,939 BLUE SPRUCE CT,
961 PLEASANT STREET BOULDER,939 BROSS ST,
9626 MOUNTAIN RIDGE DRIVE UNINCORPORATED,940 14TH ST,
963 7TH STREET BOULDER,940 COLUMBIA PL,
964 COLUMBIA PLACE UNINCORPORATED,940 TERRY ST,
968 STEARNS AVENUE UNINCORPORATED,941 W MAPLE CT,
970 9TH STREET BOULDER,942 WARREN CT,
977 SIR GALAHAD DRIVE UNIT D LAFAYETTE,943 10TH ST,
9810 PEAK TO PEAK HWY,943 SUNSET ST,
983 CHERRYVALE RD,943 TERRY ST,
986 ARAPAHOE AVENUE BOULDER,945 KLONDIKE AVE,
99 CANYONSIDE DRIVE UNINCORPORATED,946 PORTLAND PL,
99 MAIN ** UNIT 47 JAMESTOWN,946 SPRUCE ST,
990 ROSE HILL DRIVE BOULDER,947 MALORY ST,
990 SOUTH PUBLIC COMMERCIAL CONDOS,947 PRATT ST,
9960 PHILLIPS ROAD UNINCORPORATED,948 NORTH ST 10,
APPLE VALLEY RIDGE NUPUD,948 NORTH ST 11,
FOURMILE CANYON DRIVE UNINCORPORATED,949 GRANITE CT,
PINE BROOK HILLS UNIT 7 LOTS 366 365,950 HOMER CIR,
STEAMBOAT RD,951 17TH AVE 103,
1037 MAXWELL AVE 1,951 17TH AVE 74,
1065 UNIVERSITY AVE 216,951 17TH AVE 76,
1110 MONROE DR B,951 17TH AVE 88,
1200 COLLEGE AVE 223,955 35TH ST,
1365 BEAR MOUNTAIN DR B,955 UNIVERSITY AVE,
1575 BLUE SAGE CT,955 W PLUM CIR,
1818 SAMOS CIR 108,956 MILO CIR A,
2119 MEADOW CT A,956 W MAPLE CT,
22 CENTAUR CT B,96 ARTESIAN DR,
222 S MAIN ST 27,960 11TH AVE,
285 VULCAN ST,960 ELDORADO AVE,
3025 BROADWAY ST 2,961 11TH ST,
3172 CRIPPLE CREEK TRL 19,961 15TH ST,
344 JUDSON ST,961 GRANDVIEW AVE,
3870 BROADWAY ST 18,961 PLEASANT ST,
4682 WHITE ROCK CIR 12,9626 MOUNTAIN RIDGE DR,
4789 WHITE ROCK CIR B,963 7TH ST,
4823 WHITE ROCK CIR C,964 COLUMBIA PL,
4955 MOORHEAD AVE 8,968 STEARNS AVE,
5000 BUTTE ST 117,970 9TH ST,
5540 STONEWALL PL 12,977 SIR GALAHAD DR D,
5540 STONEWALL PL 15,9810 PEAK TO PEAK HWY,
5924 GUNBARREL AVE C,983 CHERRYVALE RD,
600 S PEAK TO PEAK HWY,986 ARAPAHOE AVE,
6118 HABITAT DR 2,99 CANYONSIDE DR,
625 MANHATTAN PL 108,99 MODEL T RD,
630 GAY ST,990 ROSEHILL DR,
665 MANHATTAN DR 206,990 SPARTA DR,
745 THOMAS DR 19,9960 PHILLIPS RD,
836 WALNUT ST D,FOURMILE CANYON DR,
910 PORTLAND PL 17,RIDGE RD,
,STEAMBOAT VLY,
